SUBJNO	BLOCKNUM	BLOCKSIZE	NUMINBLOCK	TERM1	OP	TERM2	TERM3	ANSWER	PROBE	PROBETYPE	DIFFIC	MATHRESP	MATHACC	TIMEOUT	TBRLETTER	TYPED	RECALLED	MATHTIME	TFTIME	MAXTIME	
145250	Cal	15	1	7	*	7	-7	42	42	1	4	1	1	0	-	NA	-1	2.435	1.377	10	
145250	Cal	15	2	6	/	2	2	5	1	0	1	0	1	0	-	NA	-1	1.796	1.077	10	
145250	Cal	15	3	7	*	9	5	68	70	0	4	0	1	0	-	NA	-1	2.139	2.567	10	
145250	Cal	15	4	1	*	2	-1	1	4	0	1	0	1	0	-	NA	-1	2.073	0.823	10	
145250	Cal	15	5	9	/	1	-7	2	2	1	1	1	1	0	-	NA	-1	1.952	0.924	10	
145250	Cal	15	6	1	*	4	4	8	8	1	1	1	1	0	-	NA	-1	2.394	1.346	10	
145250	Cal	15	7	4	*	6	1	25	24	0	3	0	1	0	-	NA	-1	1.571	1.057	10	
145250	Cal	15	8	6	*	8	8	56	50	0	4	1	0	0	-	NA	-1	1.27	3.172	10	
145250	Cal	15	9	5	*	9	-4	41	41	1	4	1	1	0	-	NA	-1	2.929	1.49	10	
145250	Cal	15	10	9	/	9	8	9	9	1	1	1	1	0	-	NA	-1	1.404	0.983	10	
145250	Cal	15	11	4	*	9	9	45	44	0	3	1	0	0	-	NA	-1	2.236	4.962	10	
145250	Cal	15	12	3	*	5	3	18	10	0	2	0	1	0	-	NA	-1	2.888	1.082	10	
145250	Cal	15	13	8	/	4	4	6	6	1	1	1	1	0	-	NA	-1	2.212	1.123	10	
145250	Cal	15	14	5	*	8	-3	37	37	1	4	1	1	0	-	NA	-1	2.522	5.368	10	
145250	Cal	15	15	6	*	7	-9	33	24	0	4	0	1	0	-	NA	-1	2.669	1.715	10	
145250	Prac1	2	1	6	/	3	4	6	6	1	1	1	1	0	Y	y	1	1.905	0.87	8.056425393665066	
145250	Prac1	2	2	7	*	5	3	38	46	0	3	0	1	0	H	h	1	1.839	1.002	8.056425393665066	
145250	Prac2	3	1	2	*	7	-5	9	9	1	2	1	1	0	Y	y	1	1.282	1.666	8.056425393665066	
145250	Prac2	3	2	2	*	9	-2	16	9	0	2	0	1	0	L	l	1	1.384	1.096	8.056425393665066	
145250	Prac2	3	3	8	*	7	-8	48	51	0	4	0	1	0	J	j	1	1.345	3.24	8.056425393665066	
145250	3	6	1	1	*	5	3	8	10	0	1	0	1	0	Q	q	1	1.609	1.214	8.056425393665066	
145250	3	6	2	4	*	3	1	13	5	0	2	0	1	0	K	q	0	1.192	1.188	8.056425393665066	
145250	3	6	3	7	/	7	6	7	7	1	1	1	1	0	T	t	1	1.241	2.282	8.056425393665066	
145250	3	6	4	1	*	9	1	10	10	1	1	1	1	0	L	l	1	4.766	1.191	8.056425393665066	
145250	3	6	5	4	/	4	4	5	5	1	1	0	0	0	P	p	1	1.383	2.677	8.056425393665066	
145250	3	6	6	7	*	4	-2	26	20	0	3	0	1	0	Y	r	0	2.182	1.847	8.056425393665066	
145250	4	4	1	1	/	1	8	9	8	0	1	0	1	0	Y	p	0	2.992	1.241	8.056425393665066	
145250	4	4	2	2	/	1	6	8	8	1	1	1	1	0	T	t	1	1.858	1.819	8.056425393665066	
145250	4	4	3	3	/	1	7	10	13	0	1	0	1	0	L	l	1	0.991	1.67	8.056425393665066	
145250	4	4	4	2	*	5	8	18	18	1	2	1	1	0	N	n	1	1.71	3.514	8.056425393665066	
145250	5	3	1	8	*	6	-4	44	44	1	4	1	1	0	N	n	1	2.39	4.285	8.056425393665066	
145250	5	3	2	1	*	8	6	14	12	0	1	0	1	0	F	f	1	2.363	1.783	8.056425393665066	
145250	5	3	3	7	*	8	-2	54	62	0	4	0	1	0	T	t	1	1.453	5.578	8.056425393665066	
145250	6	5	1	3	*	7	-5	16	15	0	3	0	1	0	J	j	1	1.929	1.537	8.056425393665066	
145250	6	5	2	8	/	8	8	9	1	0	1	0	1	0	S	s	1	1.323	1.259	8.056425393665066	
145250	6	5	3	9	*	5	-4	41	41	1	4	1	1	0	Q	q	1	2.467	1.372	8.056425393665066	
145250	6	5	4	8	*	9	9	81	84	0	4	0	1	0	R	r	1	1.421	3.766	8.056425393665066	
145250	6	5	5	4	*	5	-1	19	19	1	3	1	1	0	F	f	1	2.17	1.258	8.056425393665066	
145250	7	7	1	5	*	7	9	44	36	0	3	0	1	0	H	h	1	2.046	1.386	8.056425393665066	
145250	7	7	2	4	*	4	-3	13	13	1	2	1	1	0	K	k	1	0.963	1.712	8.056425393665066	
145250	7	7	3	3	/	3	4	5	5	1	1	1	1	0	J	j	1	1.141	1.566	8.056425393665066	
145250	7	7	4	2	*	4	-7	1	4	0	1	0	1	0	Y	y	1	2.739	1.516	8.056425393665066	
145250	7	7	5	3	*	6	4	22	14	0	2	0	1	0	R	r	1	2.094	2.671	8.056425393665066	
145250	7	7	6	9	*	7	-1	62	62	1	4	1	1	0	P	p	1	2.155	1.226	8.056425393665066	
145250	7	7	7	8	/	1	-6	2	1	0	1	0	1	0	L	l	1	3.893	3.587	8.056425393665066	
145250	8	5	1	3	*	3	2	11	18	0	1	0	1	0	T	h	0	2.711	2.059	8.056425393665066	
145250	8	5	2	6	*	5	6	36	36	1	3	0	0	0	K	k	1	0.316	5.028	8.056425393665066	
145250	8	5	3	7	*	3	-1	20	27	0	3	0	1	0	L	l	1	3.979	1.97	8.056425393665066	
145250	8	5	4	1	*	7	9	16	16	1	1	1	1	0	J	j	1	1.985	3.125	8.056425393665066	
145250	8	5	5	9	*	3	2	29	29	1	3	1	1	0	F	f	1	5.229	1.112	8.056425393665066	
145250	9	4	1	8	*	3	-7	17	13	0	3	0	1	0	Q	j	0	3.205	1.592	8.056425393665066	
145250	9	4	2	9	*	6	1	55	62	0	4	0	1	0	L	l	1	4.016	1.658	8.056425393665066	
145250	9	4	3	6	*	2	9	21	21	1	2	1	1	0	F	f	1	3.205	1.177	8.056425393665066	
145250	9	4	4	8	*	5	6	46	46	1	4	1	1	0	Y	y	1	2.688	1.442	8.056425393665066	
145250	10	3	1	3	*	4	-9	3	3	1	2	1	1	0	J	l	0	3.914	1.286	8.056425393665066	
145250	10	3	2	9	/	3	8	11	17	0	1	0	1	0	F	f	1	0.189	1.855	8.056425393665066	
145250	10	3	3	6	*	4	-2	22	22	1	3	1	1	0	N	n	1	4.573	2.237	8.056425393665066	
145250	11	6	1	4	*	7	6	34	34	1	3	1	1	0	T	t	1	2.938	1.11	8.056425393665066	
145250	11	6	2	7	/	1	-3	4	4	1	1	1	1	0	N	n	1	1.515	1.19	8.056425393665066	
145250	11	6	3	5	*	3	-6	9	9	1	2	1	1	0	L	l	1	1.776	1.237	8.056425393665066	
145250	11	6	4	8	*	8	-1	63	65	0	4	0	1	0	S	s	1	1.676	2.944	8.056425393665066	
145250	11	6	5	6	*	3	1	19	15	0	2	0	1	0	H	h	1	2.658	1.548	8.056425393665066	
145250	11	6	6	5	*	5	7	32	24	0	3	0	1	0	Q	q	1	2.692	4.12	8.056425393665066	
145250	12	7	1	5	*	6	-3	27	20	0	3	0	1	0	J	j	1	1.535	1.164	8.056425393665066	
145250	12	7	2	6	/	1	9	15	8	0	1	0	1	0	K	k	1	1.982	1.328	8.056425393665066	
145250	12	7	3	3	*	2	8	14	15	0	1	0	1	0	R	r	1	1.421	3.792	8.056425393665066	
145250	12	7	4	5	*	4	3	23	23	1	3	1	1	0	S	s	1	1.924	0.885	8.056425393665066	
145250	12	7	5	8	*	2	-2	14	14	1	2	1	1	0	T	t	1	1.795	1.232	8.056425393665066	
145250	12	7	6	4	/	1	6	10	7	0	1	0	1	0	Q	q	1	2.286	2.427	8.056425393665066	
145250	12	7	7	6	*	6	9	45	45	1	3	1	1	0	L	l	1	1.977	2.868	8.056425393665066	
145250	13	6	1	4	*	8	8	40	40	1	3	NA	0	1	T	-	0	8.056425393665066	0	8.056425393665066	
145250	13	6	2	1	*	3	1	4	4	1	1	1	1	0	Q	-	0	1.796	1.278	8.056425393665066	
145250	13	6	3	2	/	2	9	10	18	0	1	0	1	0	K	t	0	1.191	1.631	8.056425393665066	
145250	13	6	4	2	*	2	-2	2	4	0	1	0	1	0	N	q	0	1.461	1.62	8.056425393665066	
145250	13	6	5	5	*	2	5	15	6	0	2	0	1	0	J	l	0	1.257	1.761	8.056425393665066	
145250	13	6	6	4	*	2	9	17	17	1	1	1	1	0	S	n	0	2.279	1.806	8.056425393665066	
145250	14	5	1	9	*	2	1	19	12	0	2	0	1	0	N	n	1	1.814	1.425	8.056425393665066	
145250	14	5	2	1	*	6	9	15	15	1	1	1	1	0	J	j	1	2.51	1.295	8.056425393665066	
145250	14	5	3	4	/	2	6	8	8	1	1	0	0	0	Q	k	0	0.297	4.371	8.056425393665066	
145250	14	5	4	7	*	6	6	48	48	1	4	1	1	0	L	l	1	2.373	5.272	8.056425393665066	
145250	14	5	5	9	*	4	-1	35	44	0	3	0	1	0	F	f	1	2.81	3.383	8.056425393665066	
145250	15	3	1	7	*	2	1	15	19	0	2	0	1	0	T	t	1	1.317	1.412	8.056425393665066	
145250	15	3	2	8	/	2	1	5	8	0	1	0	1	0	Y	y	1	0.215	1.977	8.056425393665066	
145250	15	3	3	5	/	1	4	9	9	1	1	1	1	0	N	n	1	1.437	0.82	8.056425393665066	
145250	16	7	1	6	*	9	-5	49	45	0	4	0	1	0	H	t	0	1.664	3.311	8.056425393665066	
145250	16	7	2	3	*	8	-4	20	27	0	3	0	1	0	F	y	0	1.678	1.351	8.056425393665066	
145250	16	7	3	9	*	9	-1	80	78	0	4	0	1	0	Y	l	0	1.876	1.26	8.056425393665066	
145250	16	7	4	8	*	4	-5	27	21	0	3	0	1	0	L	n	0	3.214	3.616	8.056425393665066	
145250	16	7	5	2	*	6	-4	8	8	1	2	1	1	0	Q	r	0	4.146	3.062	8.056425393665066	
145250	16	7	6	6	/	6	6	7	7	1	1	1	1	0	R	k	0	2.364	1.336	8.056425393665066	
145250	16	7	7	3	*	9	8	35	35	1	3	NA	0	1	K	p	0	8.056425393665066	0	8.056425393665066	
145250	17	4	1	2	*	3	5	11	5	0	1	0	1	0	K	t	0	2.529	1.089	8.056425393665066	
145250	17	4	2	5	/	5	4	5	5	1	1	0	0	0	H	l	0	1.093	1.252	8.056425393665066	
145250	17	4	3	9	*	8	-4	68	68	1	4	0	0	0	T	n	0	1.663	4.754	8.056425393665066	
145250	17	4	4	2	*	8	9	25	30	0	2	0	1	0	F	f	1	1.846	4.865	8.056425393665066	
