SUBJNO	BLOCKNUM	BLOCKSIZE	NUMINBLOCK	TERM1	OP	TERM2	TERM3	ANSWER	PROBE	PROBETYPE	DIFFIC	MATHRESP	MATHACC	TIMEOUT	TBRLETTER	TYPED	RECALLED	MATHTIME	TFTIME	MAXTIME	
135428	Cal	15	1	7	*	7	-3	46	46	1	4	0	0	0	-	NA	-1	2.172	0.943	10	
135428	Cal	15	2	6	/	2	9	12	12	1	1	1	1	0	-	NA	-1	3.202	0.713	10	
135428	Cal	15	3	7	*	9	3	66	66	1	4	1	1	0	-	NA	-1	2.215	0.615	10	
135428	Cal	15	4	1	*	2	4	6	6	1	1	1	1	0	-	NA	-1	1.484	0.697	10	
135428	Cal	15	5	9	/	1	6	15	15	1	1	1	1	0	-	NA	-1	1.552	0.952	10	
135428	Cal	15	6	1	*	4	1	5	13	0	1	0	1	0	-	NA	-1	1.016	0.904	10	
135428	Cal	15	7	4	*	6	-4	20	20	1	3	1	1	0	-	NA	-1	1.718	1.08	10	
135428	Cal	15	8	6	*	8	-5	43	42	0	4	0	1	0	-	NA	-1	1.399	1.4	10	
135428	Cal	15	9	5	*	9	-9	36	44	0	4	0	1	0	-	NA	-1	2.64	1.362	10	
135428	Cal	15	10	9	/	9	6	7	11	0	1	0	1	0	-	NA	-1	1.667	1.096	10	
135428	Cal	15	11	4	*	9	2	38	38	1	3	1	1	0	-	NA	-1	2.53	0.706	10	
135428	Cal	15	12	3	*	5	1	16	25	0	2	0	1	0	-	NA	-1	2.217	1.367	10	
135428	Cal	15	13	8	/	4	3	5	5	1	1	1	1	0	-	NA	-1	2.75	0.667	10	
135428	Cal	15	14	5	*	8	4	44	42	0	4	0	1	0	-	NA	-1	1.109	0.758	10	
135428	Cal	15	15	6	*	7	6	48	49	0	4	0	1	0	-	NA	-1	1.359	1.025	10	
135428	Prac1	2	1	6	/	3	5	7	7	1	1	1	1	0	P	y	0	2.965	0.713	4.544418185524608	
135428	Prac1	2	2	7	*	5	6	41	38	0	3	NA	0	1	Q	q	1	4.544418185524608	0	4.544418185524608	
135428	Prac2	3	1	2	*	7	-2	12	21	0	2	0	1	0	R	r	1	1.517	0.884	4.544418185524608	
135428	Prac2	3	2	2	*	9	-5	13	5	0	2	0	1	0	K	k	1	1.971	0.947	4.544418185524608	
135428	Prac2	3	3	8	*	7	2	58	58	1	4	1	1	0	P	p	1	2.749	0.735	4.544418185524608	
135428	3	6	1	1	*	5	4	9	1	0	1	0	1	0	N	n	1	1.785	1.236	4.544418185524608	
135428	3	6	2	4	*	3	-2	10	10	1	2	1	1	0	L	l	1	2.205	0.697	4.544418185524608	
135428	3	6	3	7	/	7	9	10	10	1	1	1	1	0	T	t	1	1.08	1.165	4.544418185524608	
135428	3	6	4	1	*	9	-8	1	2	0	1	0	1	0	H	h	1	2.777	0.887	4.544418185524608	
135428	3	6	5	4	/	4	2	3	8	0	1	0	1	0	S	s	1	2.891	0.723	4.544418185524608	
135428	3	6	6	7	*	4	7	35	35	1	3	NA	0	1	Y	y	1	4.544418185524608	0	4.544418185524608	
135428	4	4	1	1	/	1	9	10	19	0	1	0	1	0	H	h	1	1.926	1.23	4.544418185524608	
135428	4	4	2	2	/	1	1	3	3	1	1	1	1	0	T	t	1	2.644	0.995	4.544418185524608	
135428	4	4	3	3	/	1	-1	2	2	1	1	1	1	0	J	j	1	1.99	0.965	4.544418185524608	
135428	4	4	4	2	*	5	-8	2	9	0	2	0	1	0	Y	y	1	1.237	0.73	4.544418185524608	
135428	5	3	1	8	*	6	-2	46	46	1	4	NA	0	1	N	n	1	4.544418185524608	0	4.544418185524608	
135428	5	3	2	1	*	8	6	14	14	1	1	1	1	0	J	j	1	2.144	0.755	4.544418185524608	
135428	5	3	3	7	*	8	-1	55	48	0	4	0	1	0	K	k	1	2.144	0.745	4.544418185524608	
135428	6	5	1	3	*	7	-9	12	7	0	3	0	1	0	T	t	1	1.938	1.011	4.544418185524608	
135428	6	5	2	8	/	8	8	9	16	0	1	0	1	0	N	n	1	1.299	1.22	4.544418185524608	
135428	6	5	3	9	*	5	5	50	50	1	4	1	1	0	S	s	1	1.921	0.631	4.544418185524608	
135428	6	5	4	8	*	9	-5	67	67	1	4	1	1	0	Q	q	1	1.97	1.499	4.544418185524608	
135428	6	5	5	4	*	5	-6	14	14	1	3	1	1	0	Y	y	1	1.89	0.692	4.544418185524608	
135428	7	7	1	5	*	7	-3	32	32	1	3	1	1	0	K	k	1	2.688	0.797	4.544418185524608	
135428	7	7	2	4	*	4	-6	10	17	0	2	0	1	0	Q	q	1	1.268	0.86	4.544418185524608	
135428	7	7	3	3	/	3	3	4	4	1	1	1	1	0	T	t	1	1.162	0.559	4.544418185524608	
135428	7	7	4	2	*	4	-7	1	1	1	1	1	1	0	P	p	1	2.593	0.774	4.544418185524608	
135428	7	7	5	3	*	6	1	19	11	0	2	0	1	0	N	j	0	1.58	0.806	4.544418185524608	
135428	7	7	6	9	*	7	2	65	64	0	4	NA	0	1	J	k	0	4.544418185524608	0	4.544418185524608	
135428	7	7	7	8	/	1	-2	6	1	0	1	0	1	0	L	l	1	2.831	0.975	4.544418185524608	
135428	8	5	1	3	*	3	3	12	18	0	1	0	1	0	K	k	1	2.703	0.916	4.544418185524608	
135428	8	5	2	6	*	5	7	37	46	0	3	0	1	0	H	h	1	1.692	1.254	4.544418185524608	
135428	8	5	3	7	*	3	-4	17	17	1	3	1	1	0	F	f	1	1.937	1.23	4.544418185524608	
135428	8	5	4	1	*	7	-3	4	4	1	1	1	1	0	L	l	1	1.483	0.783	4.544418185524608	
135428	8	5	5	9	*	3	7	34	29	0	3	0	1	0	T	t	1	1.58	1.089	4.544418185524608	
135428	9	4	1	8	*	3	3	27	20	0	3	0	1	0	Y	y	1	1.844	0.722	4.544418185524608	
135428	9	4	2	9	*	6	3	57	57	1	4	1	1	0	J	j	1	2.968	1.018	4.544418185524608	
135428	9	4	3	6	*	2	-8	4	1	0	2	0	1	0	R	r	1	2.047	0.855	4.544418185524608	
135428	9	4	4	8	*	5	-9	31	31	1	4	1	1	0	P	p	1	1.689	0.811	4.544418185524608	
135428	10	3	1	3	*	4	2	14	5	0	2	0	1	0	L	l	1	1.375	0.922	4.544418185524608	
135428	10	3	2	9	/	3	9	12	12	1	1	1	1	0	Y	y	1	2.423	0.898	4.544418185524608	
135428	10	3	3	6	*	4	-7	17	17	1	3	1	1	0	K	k	1	2.268	1.9	4.544418185524608	
135428	11	6	1	4	*	7	3	31	36	0	3	0	1	0	J	j	1	1.984	0.851	4.544418185524608	
135428	11	6	2	7	/	1	-6	1	1	1	1	0	0	0	P	p	1	1.827	0.628	4.544418185524608	
135428	11	6	3	5	*	3	2	17	13	0	2	0	1	0	T	t	1	1.892	0.923	4.544418185524608	
135428	11	6	4	8	*	8	7	71	71	1	4	1	1	0	S	s	1	1.892	1.709	4.544418185524608	
135428	11	6	5	6	*	3	-9	9	9	1	2	1	1	0	R	r	1	3.436	0.8	4.544418185524608	
135428	11	6	6	5	*	5	7	32	41	0	3	NA	0	1	Q	q	1	4.544418185524608	0	4.544418185524608	
135428	12	7	1	5	*	6	-4	26	31	0	3	0	1	0	S	s	1	1.768	1.034	4.544418185524608	
135428	12	7	2	6	/	1	4	10	10	1	1	1	1	0	Q	q	1	1.519	0.751	4.544418185524608	
135428	12	7	3	3	*	2	5	11	11	1	1	1	1	0	P	p	1	1.546	1.221	4.544418185524608	
135428	12	7	4	5	*	4	2	22	26	0	3	0	1	0	R	r	1	1.221	0.748	4.544418185524608	
135428	12	7	5	8	*	2	5	21	21	1	2	1	1	0	F	f	1	2.094	0.95	4.544418185524608	
135428	12	7	6	4	/	1	4	8	8	1	1	1	1	0	J	j	1	3.875	0.662	4.544418185524608	
135428	12	7	7	6	*	6	7	43	48	0	3	NA	0	1	H	h	1	4.544418185524608	0	4.544418185524608	
135428	13	6	1	4	*	8	-1	31	31	1	3	1	1	0	T	t	1	1.904	0.779	4.544418185524608	
135428	13	6	2	1	*	3	7	10	17	0	1	0	1	0	Y	y	1	1.643	0.71	4.544418185524608	
135428	13	6	3	2	/	2	8	9	9	1	1	1	1	0	Q	q	1	1.235	0.664	4.544418185524608	
135428	13	6	4	2	*	2	1	5	8	0	1	0	1	0	R	r	1	1.22	0.749	4.544418185524608	
135428	13	6	5	5	*	2	-2	8	8	1	2	1	1	0	N	n	1	1.317	1.134	4.544418185524608	
135428	13	6	6	4	*	2	7	15	12	0	1	0	1	0	J	j	1	2.389	0.802	4.544418185524608	
135428	14	5	1	9	*	2	7	25	25	1	2	1	1	0	Y	y	1	2.297	1.12	4.544418185524608	
135428	14	5	2	1	*	6	6	12	12	1	1	1	1	0	L	s	0	1.798	0.655	4.544418185524608	
135428	14	5	3	4	/	2	8	10	18	0	1	0	1	0	S	f	0	1.656	0.661	4.544418185524608	
135428	14	5	4	7	*	6	-2	40	36	0	4	0	1	0	F	l	0	2.594	0.843	4.544418185524608	
135428	14	5	5	9	*	4	5	41	41	1	3	1	1	0	J	j	1	2.797	0.906	4.544418185524608	
135428	15	3	1	7	*	2	-1	13	13	1	2	1	1	0	Q	q	1	1.732	0.583	4.544418185524608	
135428	15	3	2	8	/	2	9	13	16	0	1	0	1	0	P	p	1	1.472	0.931	4.544418185524608	
135428	15	3	3	5	/	1	3	8	15	0	1	0	1	0	N	n	1	2.529	0.822	4.544418185524608	
135428	16	7	1	6	*	9	-6	48	48	1	4	0	0	0	L	s	0	2.425	1.38	4.544418185524608	
135428	16	7	2	3	*	8	7	31	39	0	3	0	1	0	Q	q	1	2.534	1.083	4.544418185524608	
135428	16	7	3	9	*	9	1	82	74	0	4	0	1	0	H	-	0	1.329	0.606	4.544418185524608	
135428	16	7	4	8	*	4	4	36	36	1	3	1	1	0	T	-	0	1.721	1.03	4.544418185524608	
135428	16	7	5	2	*	6	4	16	16	1	2	NA	0	1	Y	-	0	4.544418185524608	0	4.544418185524608	
135428	16	7	6	6	/	6	3	4	9	0	1	0	1	0	R	-	0	1.347	1.021	4.544418185524608	
135428	16	7	7	3	*	9	4	31	31	1	3	NA	0	1	P	p	1	4.544418185524608	0	4.544418185524608	
135428	17	4	1	2	*	3	1	7	3	0	1	0	1	0	J	j	1	1.359	0.902	4.544418185524608	
135428	17	4	2	5	/	5	8	9	7	0	1	0	1	0	N	n	1	1.036	0.819	4.544418185524608	
135428	17	4	3	9	*	8	9	81	81	1	4	1	1	0	Y	y	1	1.377	2.176	4.544418185524608	
135428	17	4	4	2	*	8	-5	11	11	1	2	1	1	0	F	f	1	2.128	1.076	4.544418185524608	
