SUBJNO	BLOCKNUM	BLOCKSIZE	NUMINBLOCK	TERM1	OP	TERM2	TERM3	ANSWER	PROBE	PROBETYPE	DIFFIC	MATHRESP	MATHACC	TIMEOUT	TBRLETTER	TYPED	RECALLED	MATHTIME	TFTIME	MAXTIME	
160533	Cal	15	1	7	*	7	4	53	58	0	4	0	1	0	-	NA	-1	2.809	1.168	10	
160533	Cal	15	2	6	/	2	-2	1	1	1	1	1	1	0	-	NA	-1	2.483	0.883	10	
160533	Cal	15	3	7	*	9	6	69	68	0	4	0	1	0	-	NA	-1	4.18	1.615	10	
160533	Cal	15	4	1	*	2	2	4	4	1	1	1	1	0	-	NA	-1	1.724	0.817	10	
160533	Cal	15	5	9	/	1	7	16	16	1	1	1	1	0	-	NA	-1	3.015	0.72	10	
160533	Cal	15	6	1	*	4	8	12	11	0	1	0	1	0	-	NA	-1	1.783	1.273	10	
160533	Cal	15	7	4	*	6	5	29	38	0	3	0	1	0	-	NA	-1	1.861	1.706	10	
160533	Cal	15	8	6	*	8	-9	39	39	1	4	1	1	0	-	NA	-1	2.63	0.834	10	
160533	Cal	15	9	5	*	9	2	47	47	1	4	1	1	0	-	NA	-1	1.769	0.597	10	
160533	Cal	15	10	9	/	9	9	10	6	0	1	0	1	0	-	NA	-1	2.467	2.06	10	
160533	Cal	15	11	4	*	9	7	43	43	1	3	1	1	0	-	NA	-1	7.661	0.909	10	
160533	Cal	15	12	3	*	5	-4	11	16	0	2	0	1	0	-	NA	-1	1.515	0.799	10	
160533	Cal	15	13	8	/	4	8	10	14	0	1	0	1	0	-	NA	-1	1.813	0.955	10	
160533	Cal	15	14	5	*	8	-2	38	38	1	4	1	1	0	-	NA	-1	2.69	0.862	10	
160533	Cal	15	15	6	*	7	-1	41	41	1	4	1	1	0	-	NA	-1	2.03	1.316	10	
160533	Prac1	2	1	6	/	3	1	3	3	1	1	1	1	0	K	k	1	4.528	0.991	7.770972009144749	
160533	Prac1	2	2	7	*	5	-5	30	26	0	3	0	1	0	J	j	1	2.904	1.098	7.770972009144749	
160533	Prac2	3	1	2	*	7	7	21	15	0	2	0	1	0	J	j	1	3.096	1.086	7.770972009144749	
160533	Prac2	3	2	2	*	9	-1	17	17	1	2	1	1	0	Q	q	1	1.858	1.3	7.770972009144749	
160533	Prac2	3	3	8	*	7	9	65	58	0	4	0	1	0	Y	y	1	0.058	1.568	7.770972009144749	
160533	3	6	1	1	*	5	7	12	12	1	1	1	1	0	S	s	1	3.355	1.759	7.770972009144749	
160533	3	6	2	4	*	3	-6	6	3	0	2	0	1	0	R	r	1	4.557	0.844	7.770972009144749	
160533	3	6	3	7	/	7	3	4	4	1	1	1	1	0	H	h	1	2.828	0.941	7.770972009144749	
160533	3	6	4	1	*	9	2	11	3	0	1	0	1	0	Q	q	1	2.703	0.947	7.770972009144749	
160533	3	6	5	4	/	4	5	6	15	0	1	0	1	0	F	s	0	1.691	1.139	7.770972009144749	
160533	3	6	6	7	*	4	8	36	36	1	3	1	1	0	Y	y	1	1.876	0.892	7.770972009144749	
160533	4	4	1	1	/	1	6	7	11	0	1	0	1	0	P	p	1	2.487	0.848	7.770972009144749	
160533	4	4	2	2	/	1	1	3	3	1	1	1	1	0	N	n	1	2.81	1.347	7.770972009144749	
160533	4	4	3	3	/	1	6	9	9	1	1	1	1	0	K	k	1	4.483	1.505	7.770972009144749	
160533	4	4	4	2	*	5	-6	4	11	0	2	0	1	0	H	h	1	1.489	0.954	7.770972009144749	
160533	5	3	1	8	*	6	2	50	50	1	4	1	1	0	J	j	1	2.498	0.869	7.770972009144749	
160533	5	3	2	1	*	8	5	13	11	0	1	0	1	0	S	s	1	4.214	0.903	7.770972009144749	
160533	5	3	3	7	*	8	7	63	63	1	4	0	0	0	K	k	1	2.077	1.272	7.770972009144749	
160533	6	5	1	3	*	7	-7	14	7	0	3	0	1	0	Y	y	1	1.844	1.408	7.770972009144749	
160533	6	5	2	8	/	8	6	7	7	1	1	1	1	0	N	n	1	4.636	1.063	7.770972009144749	
160533	6	5	3	9	*	5	7	52	52	1	4	1	1	0	K	k	1	2.652	1.057	7.770972009144749	
160533	6	5	4	8	*	9	-1	71	67	0	4	0	1	0	F	f	1	2.813	0.908	7.770972009144749	
160533	6	5	5	4	*	5	-1	19	25	0	3	0	1	0	T	t	1	2.406	1.014	7.770972009144749	
160533	7	7	1	5	*	7	-9	26	20	0	3	0	1	0	P	p	1	3.859	0.995	7.770972009144749	
160533	7	7	2	4	*	4	3	19	19	1	2	0	0	0	Q	q	1	2.045	0.859	7.770972009144749	
160533	7	7	3	3	/	3	4	5	12	0	1	0	1	0	H	h	1	2.208	0.998	7.770972009144749	
160533	7	7	4	2	*	4	-1	7	6	0	1	0	1	0	N	n	1	3.013	0.888	7.770972009144749	
160533	7	7	5	3	*	6	1	19	19	1	2	1	1	0	T	t	1	2.375	0.827	7.770972009144749	
160533	7	7	6	9	*	7	7	70	70	1	4	1	1	0	L	l	1	5.432	1.585	7.770972009144749	
160533	7	7	7	8	/	1	8	16	18	0	1	0	1	0	K	q	0	2.533	0.855	7.770972009144749	
160533	8	5	1	3	*	3	-6	3	3	1	1	1	1	0	T	p	0	2.061	1.005	7.770972009144749	
160533	8	5	2	6	*	5	-8	22	22	1	3	1	1	0	Q	q	1	5.667	1.105	7.770972009144749	
160533	8	5	3	7	*	3	1	22	26	0	3	NA	0	1	J	s	0	7.770972009144749	0	7.770972009144749	
160533	8	5	4	1	*	7	-1	6	4	0	1	0	1	0	S	-	0	3.746	1.477	7.770972009144749	
160533	8	5	5	9	*	3	3	30	29	0	3	1	0	0	H	-	0	5.251	0.836	7.770972009144749	
160533	9	4	1	8	*	3	-7	17	16	0	3	1	0	0	N	n	1	3.811	1.809	7.770972009144749	
160533	9	4	2	9	*	6	-5	49	49	1	4	0	0	0	H	h	1	2.233	1.397	7.770972009144749	
160533	9	4	3	6	*	2	6	18	18	1	2	1	1	0	K	k	1	1.519	0.934	7.770972009144749	
160533	9	4	4	8	*	5	7	47	48	0	4	0	1	0	Q	q	1	1.209	1.046	7.770972009144749	
160533	10	3	1	3	*	4	9	21	21	1	2	1	1	0	F	f	1	3.594	1.127	7.770972009144749	
160533	10	3	2	9	/	3	-1	2	1	0	1	0	1	0	Q	q	1	3.279	1.141	7.770972009144749	
160533	10	3	3	6	*	4	-5	19	19	1	3	1	1	0	R	r	1	2.064	0.772	7.770972009144749	
160533	11	6	1	4	*	7	-2	26	26	1	3	1	1	0	L	l	1	3.528	0.723	7.770972009144749	
160533	11	6	2	7	/	1	8	15	20	0	1	0	1	0	S	s	1	4.557	1.266	7.770972009144749	
160533	11	6	3	5	*	3	-5	10	10	1	2	1	1	0	K	k	1	1.267	0.702	7.770972009144749	
160533	11	6	4	8	*	8	-2	62	65	0	4	0	1	0	Y	y	1	1.282	0.804	7.770972009144749	
160533	11	6	5	6	*	3	5	23	23	1	2	1	1	0	P	p	1	5.261	0.726	7.770972009144749	
160533	11	6	6	5	*	5	-9	16	12	0	3	0	1	0	J	j	1	2.248	2.585	7.770972009144749	
160533	12	7	1	5	*	6	9	39	35	0	3	0	1	0	K	q	0	1.893	1.052	7.770972009144749	
160533	12	7	2	6	/	1	8	14	15	0	1	0	1	0	Y	y	1	3.343	0.811	7.770972009144749	
160533	12	7	3	3	*	2	5	11	11	1	1	1	1	0	R	r	1	2.505	0.671	7.770972009144749	
160533	12	7	4	5	*	4	-1	19	19	1	3	1	1	0	L	l	1	1.112	1.091	7.770972009144749	
160533	12	7	5	8	*	2	-8	8	8	1	2	1	1	0	N	n	1	2.483	0.816	7.770972009144749	
160533	12	7	6	4	/	1	8	12	13	0	1	0	1	0	Q	q	1	4.276	0.913	7.770972009144749	
160533	12	7	7	6	*	6	5	41	41	1	3	0	0	0	S	s	1	2.017	1.235	7.770972009144749	
160533	13	6	1	4	*	8	-9	23	25	0	3	0	1	0	T	t	1	3.093	0.926	7.770972009144749	
160533	13	6	2	1	*	3	9	12	6	0	1	0	1	0	J	j	1	2.157	0.905	7.770972009144749	
160533	13	6	3	2	/	2	2	3	2	0	1	0	1	0	S	s	1	1.47	0.88	7.770972009144749	
160533	13	6	4	2	*	2	4	8	8	1	1	1	1	0	R	r	1	1.004	0.666	7.770972009144749	
160533	13	6	5	5	*	2	-6	4	4	1	2	1	1	0	N	n	1	2.688	0.886	7.770972009144749	
160533	13	6	6	4	*	2	-1	7	7	1	1	0	0	0	Q	q	1	1.816	0.889	7.770972009144749	
160533	14	5	1	9	*	2	-7	11	18	0	2	0	1	0	S	s	1	2.703	1.216	7.770972009144749	
160533	14	5	2	1	*	6	4	10	10	1	1	1	1	0	Q	q	1	3.014	0.851	7.770972009144749	
160533	14	5	3	4	/	2	4	6	1	0	1	0	1	0	J	j	1	1.282	0.903	7.770972009144749	
160533	14	5	4	7	*	6	8	50	41	0	4	0	1	0	T	t	1	2.749	0.872	7.770972009144749	
160533	14	5	5	9	*	4	-8	28	28	1	3	1	1	0	N	n	1	2.52	0.818	7.770972009144749	
160533	15	3	1	7	*	2	2	16	16	1	2	1	1	0	Y	y	1	3.14	0.661	7.770972009144749	
160533	15	3	2	8	/	2	5	9	6	0	1	0	1	0	T	t	1	3.44	1.098	7.770972009144749	
160533	15	3	3	5	/	1	-3	2	2	1	1	1	1	0	K	k	1	3.919	0.767	7.770972009144749	
160533	16	7	1	6	*	9	4	58	65	0	4	0	1	0	K	k	1	4.842	0.888	7.770972009144749	
160533	16	7	2	3	*	8	9	33	38	0	3	0	1	0	P	p	1	2.266	0.974	7.770972009144749	
160533	16	7	3	9	*	9	6	87	87	1	4	1	1	0	S	s	1	2.095	0.738	7.770972009144749	
160533	16	7	4	8	*	4	4	36	36	1	3	1	1	0	Y	y	1	1.359	0.674	7.770972009144749	
160533	16	7	5	2	*	6	7	19	12	0	2	0	1	0	Q	q	1	3.122	0.862	7.770972009144749	
160533	16	7	6	6	/	6	1	2	2	1	1	1	1	0	N	n	1	1.829	0.609	7.770972009144749	
160533	16	7	7	3	*	9	1	28	28	1	3	1	1	0	T	t	1	4.262	0.749	7.770972009144749	
160533	17	4	1	2	*	3	7	13	8	0	1	0	1	0	N	n	1	2.187	0.898	7.770972009144749	
160533	17	4	2	5	/	5	3	4	4	1	1	1	1	0	F	f	1	5.727	0.788	7.770972009144749	
160533	17	4	3	9	*	8	8	80	80	1	4	1	1	0	Q	q	1	3.119	1.208	7.770972009144749	
160533	17	4	4	2	*	8	1	17	25	0	2	0	1	0	L	l	1	2.022	0.941	7.770972009144749	
