Subject	BlockNum	BlockSize	NumInBlock	Image	SymmCorrect	SymmResp	SymmAcc	Timeout	Target	TargetResp	Acc	ViewTime	YNTime	MaxTime	
145752	SqPrac1	2	1	NA	NA	NA	NA	NA	13	13	1	NA	NA	10	
145752	SqPrac1	2	2	NA	NA	NA	NA	NA	10	10	1	NA	NA	10	
145752	SqPrac2	3	1	NA	NA	NA	NA	NA	6	6	1	NA	NA	10	
145752	SqPrac2	3	2	NA	NA	NA	NA	NA	2	2	1	NA	NA	10	
145752	SqPrac2	3	3	NA	NA	NA	NA	NA	5	5	1	NA	NA	10	
145752	Symm1	6	1	pracsymm7.bmp	symmetric	1	1	0	NA	NA	NA	2.323	1.057	10	
145752	Symm1	6	2	pracsymm14.bmp	nonsymmetric	0	1	0	NA	NA	NA	0.926	0.944	10	
145752	Symm1	6	3	pracsymm13.bmp	nonsymmetric	0	1	0	NA	NA	NA	0.774	0.993	10	
145752	Symm1	6	4	pracsymm6.bmp	symmetric	1	1	0	NA	NA	NA	2.346	0.65	10	
145752	Symm1	6	5	pracsymm2.bmp	symmetric	1	1	0	NA	NA	NA	2.782	0.661	10	
145752	Symm1	6	6	pracsymm10.bmp	nonsymmetric	0	1	0	NA	NA	NA	3.116	0.717	10	
145752	CombPrac1	2	1	pracsymm11.bmp	nonsymmetric	0	1	0	15	15	1	2.259	0.734	10	
145752	CombPrac1	2	2	pracsymm8.bmp	nonsymmetric	0	1	0	1	1	1	2.072	1.569	10	
145752	CombPrac2	3	1	pracsymm9.bmp	nonsymmetric	0	1	0	14	14	1	1.094	0.888	10	
145752	CombPrac2	3	2	pracsymm1.bmp	symmetric	1	1	0	2	2	1	2.03	0.78	10	
145752	CombPrac2	3	3	pracsymm12.bmp	nonsymmetric	0	1	0	4	4	1	4.173	0.77	10	
145752	1	3	1	symm31.bmp	nonsymmetric	0	1	0	5	5	1	4.047	0.732	5.438234886840091	
145752	1	3	2	symm13.bmp	symmetric	1	1	0	2	2	1	0.839	0.67	5.438234886840091	
145752	1	3	3	symm11.bmp	symmetric	1	1	0	13	13	1	0.736	0.773	5.438234886840091	
145752	2	3	1	symm24.bmp	symmetric	1	1	0	2	2	1	0.926	1.068	5.438234886840091	
145752	2	3	2	symm42.bmp	nonsymmetric	0	1	0	3	3	1	1.963	0.853	5.438234886840091	
145752	2	3	3	symm39.bmp	nonsymmetric	0	1	0	14	14	1	0.626	0.919	5.438234886840091	
145752	3	4	1	symm2.bmp	symmetric	1	1	0	12	12	1	1.018	0.769	5.438234886840091	
145752	3	4	2	symm40.bmp	nonsymmetric	0	1	0	3	3	1	1.141	1.577	5.438234886840091	
145752	3	4	3	symm48.bmp	nonsymmetric	0	1	0	10	10	1	1.018	0.75	5.438234886840091	
145752	3	4	4	symm21.bmp	symmetric	1	1	0	14	14	1	0.962	0.714	5.438234886840091	
145752	4	2	1	symm6.bmp	symmetric	1	1	0	10	10	1	1.921	0.628	5.438234886840091	
145752	4	2	2	symm41.bmp	nonsymmetric	0	1	0	11	11	1	0.876	0.99	5.438234886840091	
145752	5	2	1	symm25.bmp	nonsymmetric	0	1	0	4	4	1	0.985	0.73	5.438234886840091	
145752	5	2	2	symm1.bmp	symmetric	1	1	0	9	9	1	0.642	0.747	5.438234886840091	
145752	6	5	1	symm18.bmp	symmetric	1	1	0	9	9	1	0.985	0.616	5.438234886840091	
145752	6	5	2	symm37.bmp	nonsymmetric	0	1	0	16	2	0	0.721	0.831	5.438234886840091	
145752	6	5	3	symm43.bmp	nonsymmetric	0	1	0	2	16	0	0.689	1.533	5.438234886840091	
145752	6	5	4	symm28.bmp	nonsymmetric	1	0	0	13	13	1	5.268	0.651	5.438234886840091	
145752	6	5	5	symm16.bmp	symmetric	1	1	0	11	11	1	2.079	1.02	5.438234886840091	
145752	7	3	1	symm36.bmp	nonsymmetric	0	1	0	14	14	1	1.33	0.872	5.438234886840091	
145752	7	3	2	symm30.bmp	nonsymmetric	0	1	0	9	9	1	1.713	0.654	5.438234886840091	
145752	7	3	3	symm7.bmp	symmetric	1	1	0	1	1	1	1.65	0.959	5.438234886840091	
145752	8	4	1	symm3.bmp	symmetric	1	1	0	7	8	0	5.447	0.922	5.438234886840091	
145752	8	4	2	symm32.bmp	nonsymmetric	0	1	0	3	3	1	1.894	0.881	5.438234886840091	
145752	8	4	3	symm12.bmp	symmetric	1	1	0	1	1	1	1.811	1.471	5.438234886840091	
145752	8	4	4	symm14.bmp	symmetric	0	0	0	16	16	1	1.156	2.611	5.438234886840091	
145752	9	5	1	symm20.bmp	symmetric	1	1	0	1	1	1	1.002	0.671	5.438234886840091	
145752	9	5	2	symm29.bmp	nonsymmetric	0	1	0	2	2	1	1.862	0.852	5.438234886840091	
145752	9	5	3	symm9.bmp	symmetric	1	1	0	3	3	1	1.513	0.77	5.438234886840091	
145752	9	5	4	symm8.bmp	symmetric	0	0	0	9	13	0	0.618	1.03	5.438234886840091	
145752	9	5	5	symm17.bmp	symmetric	1	1	0	6	6	1	1.838	1.354	5.438234886840091	
145752	10	4	1	symm22.bmp	symmetric	1	1	0	12	12	1	1.364	1.998	5.438234886840091	
145752	10	4	2	symm27.bmp	nonsymmetric	1	0	0	8	8	1	1.152	0.932	5.438234886840091	
145752	10	4	3	symm46.bmp	nonsymmetric	0	1	0	14	14	1	1.15	1.008	5.438234886840091	
145752	10	4	4	symm33.bmp	nonsymmetric	0	1	0	5	5	1	0.855	2.339	5.438234886840091	
145752	11	5	1	symm34.bmp	nonsymmetric	0	1	0	13	13	1	1.751	1	5.438234886840091	
145752	11	5	2	symm45.bmp	nonsymmetric	0	1	0	4	4	1	1.478	0.715	5.438234886840091	
145752	11	5	3	symm19.bmp	symmetric	1	1	0	7	11	0	1.089	0.636	5.438234886840091	
145752	11	5	4	symm44.bmp	nonsymmetric	0	1	0	15	15	1	1.251	1.327	5.438234886840091	
145752	11	5	5	symm15.bmp	symmetric	1	1	0	10	10	1	1.655	1.761	5.438234886840091	
145752	12	2	1	symm23.bmp	symmetric	1	1	0	3	3	1	2.119	0.834	5.438234886840091	
145752	12	2	2	symm4.bmp	symmetric	1	1	0	15	15	1	0.675	0.875	5.438234886840091	
