Subject	BlockNum	BlockSize	NumInBlock	Image	SymmCorrect	SymmResp	SymmAcc	Timeout	Target	TargetResp	Acc	ViewTime	YNTime	MaxTime	
154831	SqPrac1	2	1	NA	NA	NA	NA	NA	8	8	1	NA	NA	10	
154831	SqPrac1	2	2	NA	NA	NA	NA	NA	12	12	1	NA	NA	10	
154831	SqPrac2	3	1	NA	NA	NA	NA	NA	8	8	1	NA	NA	10	
154831	SqPrac2	3	2	NA	NA	NA	NA	NA	7	7	1	NA	NA	10	
154831	SqPrac2	3	3	NA	NA	NA	NA	NA	16	16	1	NA	NA	10	
154831	Symm1	6	1	pracsymm11.bmp	nonsymmetric	0	1	0	NA	NA	NA	5.945	2.7	10	
154831	Symm1	6	2	pracsymm3.bmp	symmetric	1	1	0	NA	NA	NA	3.605	0.777	10	
154831	Symm1	6	3	pracsymm12.bmp	nonsymmetric	1	0	0	NA	NA	NA	2.92	0.811	10	
154831	Symm1	6	4	pracsymm4.bmp	symmetric	1	1	0	NA	NA	NA	2.67	1.029	10	
154831	Symm1	6	5	pracsymm5.bmp	symmetric	1	1	0	NA	NA	NA	2.966	0.879	10	
154831	Symm1	6	6	pracsymm7.bmp	symmetric	1	1	0	NA	NA	NA	3.042	0.78	10	
154831	CombPrac1	2	1	pracsymm13.bmp	nonsymmetric	0	1	0	8	8	1	2.315	0.922	10	
154831	CombPrac1	2	2	pracsymm10.bmp	nonsymmetric	0	1	0	7	7	1	4.286	0.639	10	
154831	CombPrac2	3	1	pracsymm14.bmp	nonsymmetric	0	1	0	6	6	1	3.015	1.651	10	
154831	CombPrac2	3	2	pracsymm6.bmp	symmetric	1	1	0	9	9	1	2.398	0.794	10	
154831	CombPrac2	3	3	pracsymm8.bmp	nonsymmetric	1	0	0	13	13	1	2.945	3.922	10	
154831	1	5	1	symm23.bmp	symmetric	0	0	0	2	2	1	3.484	0.553	8.837509954161277	
154831	1	5	2	symm8.bmp	symmetric	0	0	0	15	15	1	3.194	0.727	8.837509954161277	
154831	1	5	3	symm25.bmp	nonsymmetric	0	1	0	7	8	0	1.321	0.769	8.837509954161277	
154831	1	5	4	symm22.bmp	symmetric	1	1	0	3	7	0	2.321	0.651	8.837509954161277	
154831	1	5	5	symm40.bmp	nonsymmetric	0	1	0	8	3	0	3.553	0.501	8.837509954161277	
154831	2	3	1	symm27.bmp	nonsymmetric	0	1	0	10	2	0	2.295	0.637	8.837509954161277	
154831	2	3	2	symm35.bmp	nonsymmetric	0	1	0	8	10	0	2.529	1.204	8.837509954161277	
154831	2	3	3	symm36.bmp	nonsymmetric	0	1	0	2	8	0	3.543	1.37	8.837509954161277	
154831	3	4	1	symm16.bmp	symmetric	0	0	0	5	5	1	4.659	0.781	8.837509954161277	
154831	3	4	2	symm45.bmp	nonsymmetric	0	1	0	1	1	1	2.047	0.991	8.837509954161277	
154831	3	4	3	symm47.bmp	nonsymmetric	0	1	0	10	6	0	3.874	0.544	8.837509954161277	
154831	3	4	4	symm34.bmp	nonsymmetric	0	1	0	6	14	0	2.639	0.511	8.837509954161277	
154831	4	4	1	symm10.bmp	symmetric	0	0	0	14	1	0	1.374	1.219	8.837509954161277	
154831	4	4	2	symm21.bmp	symmetric	1	1	0	7	9	0	2.311	0.741	8.837509954161277	
154831	4	4	3	symm39.bmp	nonsymmetric	1	0	0	5	14	0	0.843	2.401	8.837509954161277	
154831	4	4	4	symm46.bmp	nonsymmetric	0	1	0	4	4	1	1.948	1.097	8.837509954161277	
154831	5	2	1	symm32.bmp	nonsymmetric	0	1	0	3	3	1	5.748	1.698	8.837509954161277	
154831	5	2	2	symm48.bmp	nonsymmetric	0	1	0	12	12	1	1.89	0.826	8.837509954161277	
154831	6	3	1	symm19.bmp	symmetric	1	1	0	3	3	1	1.312	0.769	8.837509954161277	
154831	6	3	2	symm11.bmp	symmetric	1	1	0	6	6	1	1.563	0.538	8.837509954161277	
154831	6	3	3	symm3.bmp	symmetric	1	1	0	10	10	1	1.206	0.746	8.837509954161277	
154831	7	2	1	symm29.bmp	nonsymmetric	1	0	0	2	2	1	2.841	0.579	8.837509954161277	
154831	7	2	2	symm38.bmp	nonsymmetric	1	0	0	9	9	1	2.979	0.619	8.837509954161277	
154831	8	3	1	symm42.bmp	nonsymmetric	1	0	0	3	3	1	3.075	1.218	8.837509954161277	
154831	8	3	2	symm14.bmp	symmetric	0	0	0	2	2	1	2.264	0.496	8.837509954161277	
154831	8	3	3	symm12.bmp	symmetric	1	1	0	14	14	1	1.167	0.411	8.837509954161277	
154831	9	5	1	symm6.bmp	symmetric	1	1	0	16	8	0	4.715	1.354	8.837509954161277	
154831	9	5	2	symm24.bmp	symmetric	1	1	0	14	14	1	1.126	0.491	8.837509954161277	
154831	9	5	3	symm41.bmp	nonsymmetric	0	1	0	12	15	0	1.047	2.435	8.837509954161277	
154831	9	5	4	symm2.bmp	symmetric	0	0	0	3	2	0	2.203	0.73	8.837509954161277	
154831	9	5	5	symm18.bmp	symmetric	1	1	0	8	0	0	3.357	1.011	8.837509954161277	
154831	10	2	1	symm26.bmp	nonsymmetric	1	0	0	16	16	1	4.963	1.583	8.837509954161277	
154831	10	2	2	symm9.bmp	symmetric	1	1	0	15	15	1	0.933	0.585	8.837509954161277	
154831	11	4	1	symm44.bmp	nonsymmetric	0	1	0	2	2	1	3.532	0.917	8.837509954161277	
154831	11	4	2	symm31.bmp	nonsymmetric	0	1	0	1	1	1	2.95	0.777	8.837509954161277	
154831	11	4	3	symm20.bmp	symmetric	1	1	0	8	8	1	1.641	0.535	8.837509954161277	
154831	11	4	4	symm43.bmp	nonsymmetric	1	0	0	5	5	1	1.985	0.622	8.837509954161277	
154831	12	5	1	symm15.bmp	symmetric	0	0	0	3	3	1	5.715	3.572	8.837509954161277	
154831	12	5	2	symm1.bmp	symmetric	1	1	0	6	14	0	1.532	0.608	8.837509954161277	
154831	12	5	3	symm5.bmp	symmetric	1	1	0	5	15	0	3.418	0.946	8.837509954161277	
154831	12	5	4	symm17.bmp	symmetric	1	1	0	15	2	0	3.497	0.602	8.837509954161277	
154831	12	5	5	symm4.bmp	symmetric	1	1	0	2	0	0	3.294	0.53	8.837509954161277	
