Subject	BlockNum	BlockSize	NumInBlock	Image	SymmCorrect	SymmResp	SymmAcc	Timeout	Target	TargetResp	Acc	ViewTime	YNTime	MaxTime	
155918	SqPrac1	2	1	NA	NA	NA	NA	NA	8	8	1	NA	NA	10	
155918	SqPrac1	2	2	NA	NA	NA	NA	NA	12	12	1	NA	NA	10	
155918	SqPrac2	3	1	NA	NA	NA	NA	NA	6	6	1	NA	NA	10	
155918	SqPrac2	3	2	NA	NA	NA	NA	NA	8	8	1	NA	NA	10	
155918	SqPrac2	3	3	NA	NA	NA	NA	NA	16	16	1	NA	NA	10	
155918	Symm1	6	1	pracsymm11.bmp	nonsymmetric	0	1	0	NA	NA	NA	4.667	0.999	10	
155918	Symm1	6	2	pracsymm14.bmp	nonsymmetric	1	0	0	NA	NA	NA	1.655	0.722	10	
155918	Symm1	6	3	pracsymm15.bmp	nonsymmetric	1	0	0	NA	NA	NA	2.076	1.521	10	
155918	Symm1	6	4	pracsymm7.bmp	symmetric	1	1	0	NA	NA	NA	1.326	0.902	10	
155918	Symm1	6	5	pracsymm8.bmp	nonsymmetric	1	0	0	NA	NA	NA	1.936	1.578	10	
155918	Symm1	6	6	pracsymm5.bmp	symmetric	1	1	0	NA	NA	NA	1.15	0.532	10	
155918	CombPrac1	2	1	pracsymm6.bmp	symmetric	1	1	0	14	14	1	2.25	0.985	10	
155918	CombPrac1	2	2	pracsymm4.bmp	symmetric	1	1	0	4	4	1	1.853	0.657	10	
155918	CombPrac2	3	1	pracsymm12.bmp	nonsymmetric	0	1	0	3	7	0	2.108	1.006	10	
155918	CombPrac2	3	2	pracsymm1.bmp	symmetric	0	0	0	4	4	1	1.356	0.723	10	
155918	CombPrac2	3	3	pracsymm3.bmp	symmetric	1	1	0	1	1	1	2.047	1.153	10	
155918	1	2	1	symm22.bmp	symmetric	1	1	0	15	11	0	2.202	0.746	5.715845163809022	
155918	1	2	2	symm37.bmp	nonsymmetric	0	1	0	16	16	1	2.007	0.901	5.715845163809022	
155918	2	5	1	symm33.bmp	nonsymmetric	0	1	0	9	9	1	2.655	1.912	5.715845163809022	
155918	2	5	2	symm18.bmp	symmetric	0	0	0	1	5	0	2.718	1.3	5.715845163809022	
155918	2	5	3	symm12.bmp	symmetric	1	1	0	14	14	1	1.659	0.709	5.715845163809022	
155918	2	5	4	symm4.bmp	symmetric	1	1	0	16	12	0	1.812	2.204	5.715845163809022	
155918	2	5	5	symm43.bmp	nonsymmetric	0	1	0	12	0	0	1.027	0.749	5.715845163809022	
155918	3	3	1	symm28.bmp	nonsymmetric	0	1	0	3	3	1	1.437	0.828	5.715845163809022	
155918	3	3	2	symm2.bmp	symmetric	0	0	0	5	5	1	2.122	0.772	5.715845163809022	
155918	3	3	3	symm6.bmp	symmetric	1	1	0	12	12	1	1.275	0.917	5.715845163809022	
155918	4	3	1	symm39.bmp	nonsymmetric	0	1	0	11	11	1	2.05	0.852	5.715845163809022	
155918	4	3	2	symm15.bmp	symmetric	1	1	0	9	9	1	1.126	0.772	5.715845163809022	
155918	4	3	3	symm45.bmp	nonsymmetric	0	1	0	14	14	1	1.783	1.637	5.715845163809022	
155918	5	4	1	symm24.bmp	symmetric	1	1	0	7	7	1	2.048	1.003	5.715845163809022	
155918	5	4	2	symm47.bmp	nonsymmetric	0	1	0	11	11	1	1.324	0.752	5.715845163809022	
155918	5	4	3	symm31.bmp	nonsymmetric	0	1	0	4	4	1	2.601	1.241	5.715845163809022	
155918	5	4	4	symm21.bmp	symmetric	1	1	0	9	5	0	1.174	0.562	5.715845163809022	
155918	6	2	1	symm40.bmp	nonsymmetric	0	1	0	13	13	1	1.658	1.291	5.715845163809022	
155918	6	2	2	symm20.bmp	symmetric	1	1	0	7	7	1	1.078	0.935	5.715845163809022	
155918	7	5	1	symm30.bmp	nonsymmetric	0	1	0	15	15	1	0.988	0.613	5.715845163809022	
155918	7	5	2	symm10.bmp	symmetric	1	1	0	2	2	1	1.361	0.624	5.715845163809022	
155918	7	5	3	symm27.bmp	nonsymmetric	0	1	0	11	7	0	2.236	0.599	5.715845163809022	
155918	7	5	4	symm29.bmp	nonsymmetric	0	1	0	5	5	1	1.859	0.624	5.715845163809022	
155918	7	5	5	symm5.bmp	symmetric	1	1	0	1	1	1	1.206	0.613	5.715845163809022	
155918	8	4	1	symm25.bmp	nonsymmetric	0	1	0	2	2	1	1.876	1.577	5.715845163809022	
155918	8	4	2	symm19.bmp	symmetric	1	1	0	1	1	1	0.901	0.593	5.715845163809022	
155918	8	4	3	symm11.bmp	symmetric	1	1	0	15	15	1	0.776	0.898	5.715845163809022	
155918	8	4	4	symm42.bmp	nonsymmetric	0	1	0	12	12	1	1	1.097	5.715845163809022	
155918	9	2	1	symm3.bmp	symmetric	1	1	0	15	15	1	1.53	0.517	5.715845163809022	
155918	9	2	2	symm9.bmp	symmetric	1	1	0	6	6	1	0.938	0.592	5.715845163809022	
155918	10	5	1	symm8.bmp	symmetric	1	1	0	6	6	1	1.533	1.651	5.715845163809022	
155918	10	5	2	symm44.bmp	nonsymmetric	1	0	0	12	11	0	1.228	0.882	5.715845163809022	
155918	10	5	3	symm1.bmp	symmetric	1	1	0	8	8	1	0.948	0.645	5.715845163809022	
155918	10	5	4	symm38.bmp	nonsymmetric	0	1	0	5	5	1	0.816	0.969	5.715845163809022	
155918	10	5	5	symm48.bmp	nonsymmetric	0	1	0	2	2	1	0.907	0.627	5.715845163809022	
155918	11	3	1	symm46.bmp	nonsymmetric	0	1	0	15	15	1	2.332	1.112	5.715845163809022	
155918	11	3	2	symm26.bmp	nonsymmetric	0	1	0	13	9	0	1.888	0.72	5.715845163809022	
155918	11	3	3	symm16.bmp	symmetric	1	1	0	8	8	1	2.369	0.902	5.715845163809022	
155918	12	4	1	symm14.bmp	symmetric	1	1	0	4	4	1	1.897	0.628	5.715845163809022	
155918	12	4	2	symm23.bmp	symmetric	1	1	0	5	5	1	2.348	0.799	5.715845163809022	
155918	12	4	3	symm7.bmp	symmetric	1	1	0	12	12	1	1.707	1.632	5.715845163809022	
155918	12	4	4	symm13.bmp	symmetric	1	1	0	7	7	1	1.486	0.969	5.715845163809022	
