Subject	BlockNum	BlockSize	NumInBlock	Image	SymmCorrect	SymmResp	SymmAcc	Timeout	Target	TargetResp	Acc	ViewTime	YNTime	MaxTime	
160418	SqPrac1	2	1	NA	NA	NA	NA	NA	8	7	0	NA	NA	10	
160418	SqPrac1	2	2	NA	NA	NA	NA	NA	6	13	0	NA	NA	10	
160418	SqPrac2	3	1	NA	NA	NA	NA	NA	6	6	1	NA	NA	10	
160418	SqPrac2	3	2	NA	NA	NA	NA	NA	1	1	1	NA	NA	10	
160418	SqPrac2	3	3	NA	NA	NA	NA	NA	7	7	1	NA	NA	10	
160418	Symm1	6	1	pracsymm11.bmp	nonsymmetric	1	0	0	NA	NA	NA	6.394	0.786	10	
160418	Symm1	6	2	pracsymm6.bmp	symmetric	1	1	0	NA	NA	NA	4.9	0.684	10	
160418	Symm1	6	3	pracsymm9.bmp	nonsymmetric	0	1	0	NA	NA	NA	2.092	0.739	10	
160418	Symm1	6	4	pracsymm4.bmp	symmetric	1	1	0	NA	NA	NA	8.642	0.856	10	
160418	Symm1	6	5	pracsymm2.bmp	symmetric	NA	0	1	NA	NA	NA	10	0	10	
160418	Symm1	6	6	pracsymm13.bmp	nonsymmetric	0	1	0	NA	NA	NA	4.016	0.723	10	
160418	CombPrac1	2	1	pracsymm15.bmp	nonsymmetric	0	1	0	12	13	0	2.966	0.884	10	
160418	CombPrac1	2	2	pracsymm1.bmp	symmetric	1	1	0	13	8	0	3.326	0.974	10	
160418	CombPrac2	3	1	pracsymm12.bmp	nonsymmetric	1	0	0	10	14	0	3.03	1.015	10	
160418	CombPrac2	3	2	pracsymm5.bmp	symmetric	1	1	0	14	10	0	4.021	0.653	10	
160418	CombPrac2	3	3	pracsymm10.bmp	nonsymmetric	0	1	0	6	6	1	4.257	0.721	10	
160418	1	3	1	symm41.bmp	nonsymmetric	0	1	0	2	2	1	3.164	0.748	11.40987837002108	
160418	1	3	2	symm39.bmp	nonsymmetric	0	1	0	10	10	1	2.874	0.745	11.40987837002108	
160418	1	3	3	symm24.bmp	symmetric	1	1	0	16	16	1	2.545	1.353	11.40987837002108	
160418	2	4	1	symm32.bmp	nonsymmetric	0	1	0	10	10	1	3.556	0.825	11.40987837002108	
160418	2	4	2	symm25.bmp	nonsymmetric	1	0	0	6	6	1	5.772	0.808	11.40987837002108	
160418	2	4	3	symm38.bmp	nonsymmetric	0	1	0	5	9	0	5.832	0.679	11.40987837002108	
160418	2	4	4	symm4.bmp	symmetric	0	0	0	11	11	1	5.465	0.638	11.40987837002108	
160418	3	2	1	symm48.bmp	nonsymmetric	0	1	0	4	4	1	3.078	1.141	11.40987837002108	
160418	3	2	2	symm31.bmp	nonsymmetric	0	1	0	6	6	1	3.881	0.58	11.40987837002108	
160418	4	3	1	symm47.bmp	nonsymmetric	0	1	0	8	8	1	5.587	0.74	11.40987837002108	
160418	4	3	2	symm34.bmp	nonsymmetric	1	0	0	16	16	1	5.244	0.747	11.40987837002108	
160418	4	3	3	symm12.bmp	symmetric	1	1	0	12	12	1	3.974	0.72	11.40987837002108	
160418	5	4	1	symm13.bmp	symmetric	0	0	0	8	13	0	5.806	0.76	11.40987837002108	
160418	5	4	2	symm22.bmp	symmetric	1	1	0	7	8	0	1.681	0.509	11.40987837002108	
160418	5	4	3	symm30.bmp	nonsymmetric	1	0	0	3	7	0	5.457	3.12	11.40987837002108	
160418	5	4	4	symm6.bmp	symmetric	0	0	0	13	3	0	3.182	0.614	11.40987837002108	
160418	6	4	1	symm35.bmp	nonsymmetric	0	1	0	14	14	1	9.19	0.662	11.40987837002108	
160418	6	4	2	symm29.bmp	nonsymmetric	0	1	0	5	9	0	13.386	0.677	11.40987837002108	
160418	6	4	3	symm11.bmp	symmetric	0	0	0	1	1	1	6.944	0.824	11.40987837002108	
160418	6	4	4	symm7.bmp	symmetric	1	1	0	11	11	1	10.605	1.375	11.40987837002108	
160418	7	5	1	symm45.bmp	nonsymmetric	1	0	0	1	1	1	3.157	0.632	11.40987837002108	
160418	7	5	2	symm3.bmp	symmetric	1	1	0	12	13	0	2.743	0.851	11.40987837002108	
160418	7	5	3	symm44.bmp	nonsymmetric	1	0	0	13	12	0	9.895	0.817	11.40987837002108	
160418	7	5	4	symm14.bmp	symmetric	0	0	0	9	9	1	4.615	0.596	11.40987837002108	
160418	7	5	5	symm23.bmp	symmetric	1	1	0	10	10	1	1.494	1.166	11.40987837002108	
160418	8	5	1	symm40.bmp	nonsymmetric	0	1	0	15	7	0	3.923	0.66	11.40987837002108	
160418	8	5	2	symm17.bmp	symmetric	1	1	0	5	15	0	4.669	0.85	11.40987837002108	
160418	8	5	3	symm36.bmp	nonsymmetric	1	0	0	10	5	0	6.819	0.501	11.40987837002108	
160418	8	5	4	symm21.bmp	symmetric	1	1	0	14	0	0	7.321	0.682	11.40987837002108	
160418	8	5	5	symm43.bmp	nonsymmetric	0	1	0	7	0	0	2.031	0.8	11.40987837002108	
160418	9	2	1	symm8.bmp	symmetric	1	1	0	11	4	0	4.588	0.821	11.40987837002108	
160418	9	2	2	symm18.bmp	symmetric	1	1	0	4	10	0	5.696	0.477	11.40987837002108	
160418	10	5	1	symm15.bmp	symmetric	0	0	0	11	14	0	3.826	0.91	11.40987837002108	
160418	10	5	2	symm20.bmp	symmetric	1	1	0	2	10	0	1.64	0.559	11.40987837002108	
160418	10	5	3	symm5.bmp	symmetric	1	1	0	8	2	0	1.641	0.421	11.40987837002108	
160418	10	5	4	symm37.bmp	nonsymmetric	0	1	0	10	11	0	5.222	0.573	11.40987837002108	
160418	10	5	5	symm19.bmp	symmetric	1	1	0	14	0	0	1.627	0.875	11.40987837002108	
160418	11	3	1	symm46.bmp	nonsymmetric	0	1	0	12	16	0	4.746	4.388	11.40987837002108	
160418	11	3	2	symm42.bmp	nonsymmetric	1	0	0	16	13	0	3.241	0.901	11.40987837002108	
160418	11	3	3	symm26.bmp	nonsymmetric	0	1	0	13	0	0	4.729	0.505	11.40987837002108	
160418	12	2	1	symm10.bmp	symmetric	1	1	0	9	9	1	5.064	0.628	11.40987837002108	
160418	12	2	2	symm16.bmp	symmetric	0	0	0	16	16	1	1.5	0.836	11.40987837002108	
