SUBJNO	BLOCKNUM	BLOCKSIZE	NUMINBLOCK	TERM1	OP	TERM2	TERM3	ANSWER	PROBE	PROBETYPE	DIFFIC	MATHRESP	MATHACC	TIMEOUT	TBRLETTER	TYPED	RECALLED	MATHTIME	TFTIME	MAXTIME	
150818	Cal	15	1	7	*	7	9	58	66	0	4	NA	0	1	-	NA	-1	10	0	10	
150818	Cal	15	2	6	/	2	9	12	16	0	1	NA	0	1	-	NA	-1	10	0	10	
150818	Cal	15	3	7	*	9	-4	59	59	1	4	NA	0	1	-	NA	-1	10	0	10	
150818	Cal	15	4	1	*	2	5	7	7	1	1	1	1	0	-	NA	-1	4.783	1.437	10	
150818	Cal	15	5	9	/	1	-3	6	6	1	1	NA	0	1	-	NA	-1	10	0	10	
150818	Cal	15	6	1	*	4	-2	2	1	0	1	NA	0	1	-	NA	-1	10	0	10	
150818	Cal	15	7	4	*	6	-5	19	17	0	3	NA	0	1	-	NA	-1	10	0	10	
150818	Cal	15	8	6	*	8	8	56	54	0	4	NA	0	1	-	NA	-1	10	0	10	
150818	Cal	15	9	5	*	9	-5	40	40	1	4	NA	0	1	-	NA	-1	10	0	10	
150818	Cal	15	10	9	/	9	9	10	1	0	1	NA	0	1	-	NA	-1	10	0	10	
150818	Cal	15	11	4	*	9	-9	27	27	1	3	NA	0	1	-	NA	-1	10	0	10	
150818	Cal	15	12	3	*	5	2	17	13	0	2	NA	0	1	-	NA	-1	10	0	10	
150818	Cal	15	13	8	/	4	6	8	8	1	1	NA	0	1	-	NA	-1	10	0	10	
150818	Cal	15	14	5	*	8	-2	38	38	1	4	NA	0	1	-	NA	-1	10	0	10	
150818	Cal	15	15	6	*	7	-5	37	37	1	4	NA	0	1	-	NA	-1	10	0	10	
150818	Prac1	2	1	6	/	3	8	10	18	0	1	1	0	0	J	l	0	0.625	1.281	12.187979508110672	
150818	Prac1	2	2	7	*	5	-5	30	30	1	3	NA	0	1	P	a	0	12.187979508110672	0	12.187979508110672	
150818	Prac2	3	1	2	*	7	4	18	18	1	2	NA	0	1	S	s	1	12.187979508110672	0	12.187979508110672	
150818	Prac2	3	2	2	*	9	6	24	24	1	2	NA	0	1	Q	q	1	12.187979508110672	0	12.187979508110672	
150818	Prac2	3	3	8	*	7	6	62	53	0	4	1	0	0	Y	p	0	7.767	0.992	12.187979508110672	
150818	3	6	1	1	*	5	5	10	8	0	1	0	1	0	K	k	1	2.862	1.232	12.187979508110672	
150818	3	6	2	4	*	3	-8	4	4	1	2	0	0	0	S	s	1	6.922	1.506	12.187979508110672	
150818	3	6	3	7	/	7	1	2	1	0	1	NA	0	1	L	f	0	12.187979508110672	0	12.187979508110672	
150818	3	6	4	1	*	9	-5	4	4	1	1	1	1	0	F	y	0	3.926	1.286	12.187979508110672	
150818	3	6	5	4	/	4	9	10	10	1	1	1	1	0	Y	t	0	4.052	1.15	12.187979508110672	
150818	3	6	6	7	*	4	2	30	33	0	3	0	1	0	T	y	0	4.823	1.254	12.187979508110672	
150818	4	4	1	1	/	1	6	7	8	0	1	0	1	0	R	r	1	4.394	2.741	12.187979508110672	
150818	4	4	2	2	/	1	8	10	10	1	1	1	1	0	N	n	1	3.981	1.305	12.187979508110672	
150818	4	4	3	3	/	1	2	5	11	0	1	0	1	0	L	l	1	3.341	1.673	12.187979508110672	
150818	4	4	4	2	*	5	8	18	18	1	2	1	1	0	P	p	1	3.154	1.527	12.187979508110672	
150818	5	3	1	8	*	6	-8	40	40	1	4	1	1	0	H	h	1	4.686	1.631	12.187979508110672	
150818	5	3	2	1	*	8	4	12	9	0	1	0	1	0	Y	y	1	4.128	1.431	12.187979508110672	
150818	5	3	3	7	*	8	-6	50	42	0	4	0	1	0	Q	q	1	3.801	1.468	12.187979508110672	
150818	6	5	1	3	*	7	9	30	27	0	3	0	1	0	R	r	1	6.075	1.199	12.187979508110672	
150818	6	5	2	8	/	8	3	4	9	0	1	0	1	0	L	l	1	2.767	2.675	12.187979508110672	
150818	6	5	3	9	*	5	9	54	54	1	4	1	1	0	Q	q	1	5.454	1.359	12.187979508110672	
150818	6	5	4	8	*	9	-9	63	63	1	4	0	0	0	H	h	1	3.588	1.226	12.187979508110672	
150818	6	5	5	4	*	5	8	28	28	1	3	1	1	0	F	f	1	3.082	1.394	12.187979508110672	
150818	7	7	1	5	*	7	2	37	37	1	3	1	1	0	N	n	1	3.618	2.28	12.187979508110672	
150818	7	7	2	4	*	4	1	17	16	0	2	0	1	0	J	j	1	4.444	2.304	12.187979508110672	
150818	7	7	3	3	/	3	7	8	8	1	1	1	1	0	P	p	1	2.688	1.401	12.187979508110672	
150818	7	7	4	2	*	4	-1	7	2	0	1	0	1	0	H	h	1	2.864	1.661	12.187979508110672	
150818	7	7	5	3	*	6	8	26	26	1	2	0	0	0	L	l	1	2.716	1.821	12.187979508110672	
150818	7	7	6	9	*	7	3	66	70	0	4	0	1	0	Y	y	1	3.728	2.165	12.187979508110672	
150818	7	7	7	8	/	1	-2	6	6	1	1	1	1	0	K	k	1	3.202	1.581	12.187979508110672	
150818	8	5	1	3	*	3	8	17	10	0	1	0	1	0	K	k	1	4.528	1.677	12.187979508110672	
150818	8	5	2	6	*	5	-6	24	24	1	3	1	1	0	T	t	1	3.405	2.173	12.187979508110672	
150818	8	5	3	7	*	3	-7	14	14	1	3	1	1	0	F	f	1	3.1	2.409	12.187979508110672	
150818	8	5	4	1	*	7	-2	5	9	0	1	0	1	0	Y	y	1	3.296	1.416	12.187979508110672	
150818	8	5	5	9	*	3	-1	26	20	0	3	0	1	0	R	l	0	3.309	4.677	12.187979508110672	
150818	9	4	1	8	*	3	1	25	25	1	3	1	1	0	K	k	1	4.297	1.2	12.187979508110672	
150818	9	4	2	9	*	6	-2	52	44	0	4	0	1	0	R	r	1	4.831	2.174	12.187979508110672	
150818	9	4	3	6	*	2	-5	7	3	0	2	0	1	0	P	p	1	3.796	2.981	12.187979508110672	
150818	9	4	4	8	*	5	3	43	43	1	4	NA	0	1	F	t	0	12.187979508110672	0	12.187979508110672	
150818	10	3	1	3	*	4	-8	4	4	1	2	1	1	0	Y	y	1	3.488	1.641	12.187979508110672	
150818	10	3	2	9	/	3	9	12	12	1	1	1	1	0	H	h	1	5.035	2.486	12.187979508110672	
150818	10	3	3	6	*	4	-9	15	7	0	3	0	1	0	R	r	1	5.569	1.449	12.187979508110672	
150818	11	6	1	4	*	7	9	37	43	0	3	0	1	0	J	j	1	5.121	1.724	12.187979508110672	
150818	11	6	2	7	/	1	5	12	12	1	1	0	0	0	K	k	1	4.15	2.201	12.187979508110672	
150818	11	6	3	5	*	3	-8	7	13	0	2	0	1	0	T	t	1	1.863	2.7	12.187979508110672	
150818	11	6	4	8	*	8	-8	56	56	1	4	1	1	0	L	l	1	4.766	1.75	12.187979508110672	
150818	11	6	5	6	*	3	4	22	22	1	2	0	0	0	F	f	1	2.505	3.772	12.187979508110672	
150818	11	6	6	5	*	5	-8	17	15	0	3	0	1	0	Y	y	1	3.358	1.779	12.187979508110672	
150818	12	7	1	5	*	6	2	32	32	1	3	1	1	0	Q	q	1	4.146	1.906	12.187979508110672	
150818	12	7	2	6	/	1	7	13	22	0	1	0	1	0	S	s	1	4.494	1.428	12.187979508110672	
150818	12	7	3	3	*	2	1	7	7	1	1	1	1	0	K	k	1	3.051	1.474	12.187979508110672	
150818	12	7	4	5	*	4	-8	12	3	0	3	0	1	0	L	l	1	4.264	1.477	12.187979508110672	
150818	12	7	5	8	*	2	-8	8	16	0	2	0	1	0	T	t	1	3.709	1.608	12.187979508110672	
150818	12	7	6	4	/	1	8	12	12	1	1	1	1	0	P	p	1	3.174	2.017	12.187979508110672	
150818	12	7	7	6	*	6	-6	30	21	0	3	0	1	0	F	f	1	3.316	1.388	12.187979508110672	
150818	13	6	1	4	*	8	-4	28	28	1	3	1	1	0	H	h	1	4.33	1.515	12.187979508110672	
150818	13	6	2	1	*	3	4	7	7	1	1	1	1	0	L	l	1	3.254	1.41	12.187979508110672	
150818	13	6	3	2	/	2	3	4	6	0	1	0	1	0	N	n	1	2.676	1.332	12.187979508110672	
150818	13	6	4	2	*	2	7	11	19	0	1	0	1	0	T	t	1	4.517	1.326	12.187979508110672	
150818	13	6	5	5	*	2	-9	1	1	1	2	1	1	0	Y	y	1	2.33	1.344	12.187979508110672	
150818	13	6	6	4	*	2	4	12	9	0	1	0	1	0	J	j	1	2.365	2.132	12.187979508110672	
150818	14	5	1	9	*	2	-3	15	19	0	2	0	1	0	T	t	1	2.601	1.408	12.187979508110672	
150818	14	5	2	1	*	6	3	9	16	0	1	0	1	0	L	l	1	3.163	1.122	12.187979508110672	
150818	14	5	3	4	/	2	9	11	11	1	1	1	1	0	S	s	1	3.169	1.503	12.187979508110672	
150818	14	5	4	7	*	6	-5	37	37	1	4	1	1	0	K	k	1	5.36	2.947	12.187979508110672	
150818	14	5	5	9	*	4	9	45	53	0	3	0	1	0	F	f	1	4.503	1.922	12.187979508110672	
150818	15	3	1	7	*	2	1	15	15	1	2	1	1	0	N	n	1	1.592	1.362	12.187979508110672	
150818	15	3	2	8	/	2	-2	2	2	1	1	1	1	0	T	t	1	5.464	1.363	12.187979508110672	
150818	15	3	3	5	/	1	8	13	16	0	1	0	1	0	F	f	1	2.537	1.42	12.187979508110672	
150818	16	7	1	6	*	9	9	63	63	1	4	0	0	0	F	r	0	3.304	1.309	12.187979508110672	
150818	16	7	2	3	*	8	5	29	25	0	3	0	1	0	Y	y	1	5.452	1.932	12.187979508110672	
150818	16	7	3	9	*	9	9	90	92	0	4	0	1	0	P	p	1	4.358	2.882	12.187979508110672	
150818	16	7	4	8	*	4	2	34	30	0	3	0	1	0	T	f	0	2.614	2.068	12.187979508110672	
150818	16	7	5	2	*	6	9	21	21	1	2	0	0	0	R	r	1	4.629	1.04	12.187979508110672	
150818	16	7	6	6	/	6	8	9	9	1	1	0	0	0	N	n	1	2.183	1.804	12.187979508110672	
150818	16	7	7	3	*	9	-7	20	16	0	3	0	1	0	S	s	1	3.843	1.487	12.187979508110672	
150818	17	4	1	2	*	3	9	15	15	1	1	0	0	0	N	n	1	3.123	1.438	12.187979508110672	
150818	17	4	2	5	/	5	3	4	12	0	1	0	1	0	K	k	1	4.163	1.669	12.187979508110672	
150818	17	4	3	9	*	8	7	79	79	1	4	0	0	0	Y	y	1	1.994	1.263	12.187979508110672	
150818	17	4	4	2	*	8	-7	9	7	0	2	0	1	0	L	l	1	2.971	1.871	12.187979508110672	
