SUBJNO	BLOCKNUM	BLOCKSIZE	NUMINBLOCK	TERM1	OP	TERM2	TERM3	ANSWER	PROBE	PROBETYPE	DIFFIC	MATHRESP	MATHACC	TIMEOUT	TBRLETTER	TYPED	RECALLED	MATHTIME	TFTIME	MAXTIME	
141803	Cal	15	1	7	*	7	3	52	52	1	4	1	1	0	-	NA	-1	2.856	0.925	10	
141803	Cal	15	2	6	/	2	8	11	11	1	1	1	1	0	-	NA	-1	1.873	0.934	10	
141803	Cal	15	3	7	*	9	-7	56	61	0	4	0	1	0	-	NA	-1	2.022	1.451	10	
141803	Cal	15	4	1	*	2	6	8	8	1	1	1	1	0	-	NA	-1	1.504	0.72	10	
141803	Cal	15	5	9	/	1	-2	7	1	0	1	0	1	0	-	NA	-1	1.234	1.126	10	
141803	Cal	15	6	1	*	4	8	12	12	1	1	1	1	0	-	NA	-1	1.311	0.675	10	
141803	Cal	15	7	4	*	6	6	30	37	0	3	0	1	0	-	NA	-1	2.551	1.093	10	
141803	Cal	15	8	6	*	8	-2	46	55	0	4	0	1	0	-	NA	-1	4.197	1.508	10	
141803	Cal	15	9	5	*	9	-6	39	39	1	4	1	1	0	-	NA	-1	1.946	0.776	10	
141803	Cal	15	10	9	/	9	6	7	7	1	1	1	1	0	-	NA	-1	2.553	0.852	10	
141803	Cal	15	11	4	*	9	9	45	45	1	3	1	1	0	-	NA	-1	3.332	0.687	10	
141803	Cal	15	12	3	*	5	-3	12	6	0	2	0	1	0	-	NA	-1	3.518	1.046	10	
141803	Cal	15	13	8	/	4	-1	1	7	0	1	0	1	0	-	NA	-1	1.635	1.508	10	
141803	Cal	15	14	5	*	8	6	46	54	0	4	0	1	0	-	NA	-1	1.801	0.956	10	
141803	Cal	15	15	6	*	7	7	49	51	0	4	0	1	0	-	NA	-1	6.156	2.406	10	
141803	Prac1	2	1	6	/	3	4	6	6	1	1	NA	0	0	Y	y	1	1.593	0.901	7.8232758272193355	
141803	Prac1	2	2	7	*	5	-8	27	22	0	3	NA	1	0	L	l	1	2.627	1.396	7.8232758272193355	
141803	Prac2	3	1	2	*	7	-2	12	12	1	2	NA	1	0	Y	y	1	2.188	1.025	7.8232758272193355	
141803	Prac2	3	2	2	*	9	-2	16	25	0	2	NA	1	0	P	o	0	1.656	0.99	7.8232758272193355	
141803	Prac2	3	3	8	*	7	-9	47	45	0	4	NA	0	0	L	l	1	2.182	2.543	7.8232758272193355	
141803	3	6	1	1	*	5	-1	4	13	0	1	NA	1	0	F	f	1	1.271	1.08	7.8232758272193355	
141803	3	6	2	4	*	3	-2	10	10	1	2	NA	1	0	K	k	1	1.423	1.002	7.8232758272193355	
141803	3	6	3	7	/	7	8	9	9	1	1	NA	1	0	Y	y	1	2.008	0.776	7.8232758272193355	
141803	3	6	4	1	*	9	-7	2	2	1	1	NA	1	0	N	n	1	1.407	0.854	7.8232758272193355	
141803	3	6	5	4	/	4	3	4	11	0	1	NA	1	0	S	s	1	1.686	1.092	7.8232758272193355	
141803	3	6	6	7	*	4	2	30	35	0	3	NA	1	0	P	p	1	1.772	0.934	7.8232758272193355	
141803	4	4	1	1	/	1	7	8	8	1	1	NA	1	0	H	f	0	1.549	0.922	7.8232758272193355	
141803	4	4	2	2	/	1	6	8	3	0	1	NA	1	0	T	k	0	2.2	1.115	7.8232758272193355	
141803	4	4	3	3	/	1	-2	1	1	1	1	NA	1	0	K	n	0	1.688	2.555	7.8232758272193355	
141803	4	4	4	2	*	5	-3	7	3	0	2	NA	1	0	F	s	0	1.838	1.08	7.8232758272193355	
141803	5	3	1	8	*	6	7	55	55	1	4	NA	1	0	P	f	0	1.764	4.703	7.8232758272193355	
141803	5	3	2	1	*	8	-2	6	9	0	1	NA	1	0	K	p	0	1.569	0.934	7.8232758272193355	
141803	5	3	3	7	*	8	-7	49	49	1	4	NA	1	0	J	j	1	2.273	2.881	7.8232758272193355	
141803	6	5	1	3	*	7	2	23	29	0	3	NA	1	0	J	f	0	1.718	0.935	7.8232758272193355	
141803	6	5	2	8	/	8	6	7	7	1	1	NA	1	0	P	p	1	1.604	0.686	7.8232758272193355	
141803	6	5	3	9	*	5	-4	41	47	0	4	NA	1	0	L	j	0	1.367	0.956	7.8232758272193355	
141803	6	5	4	8	*	9	-6	66	74	0	4	NA	1	0	H	h	1	2.08	2.399	7.8232758272193355	
141803	6	5	5	4	*	5	-8	12	12	1	3	NA	1	0	Y	y	1	1.434	0.956	7.8232758272193355	
141803	7	7	1	5	*	7	-9	26	26	1	3	NA	1	0	R	y	0	1.872	2.79	7.8232758272193355	
141803	7	7	2	4	*	4	-3	13	19	0	2	NA	1	0	P	p	1	1.874	1.124	7.8232758272193355	
141803	7	7	3	3	/	3	3	4	12	0	1	NA	1	0	F	f	1	1.529	0.91	7.8232758272193355	
141803	7	7	4	2	*	4	-7	1	1	1	1	NA	1	0	S	h	0	1.439	0.866	7.8232758272193355	
141803	7	7	5	3	*	6	2	20	15	0	2	NA	1	0	H	s	0	2.179	2.499	7.8232758272193355	
141803	7	7	6	9	*	7	-1	62	58	0	4	NA	0	1	K	k	1	7.8232758272193355	0	7.8232758272193355	
141803	7	7	7	8	/	1	3	11	11	1	1	NA	1	0	T	r	0	1.514	3.197	7.8232758272193355	
141803	8	5	1	3	*	3	-5	4	4	1	1	NA	1	0	R	f	0	1.623	0.752	7.8232758272193355	
141803	8	5	2	6	*	5	5	35	33	0	3	NA	1	0	P	p	1	1.376	0.923	7.8232758272193355	
141803	8	5	3	7	*	3	5	26	26	1	3	NA	1	0	Y	y	1	1.398	0.776	7.8232758272193355	
141803	8	5	4	1	*	7	-1	6	9	0	1	NA	1	0	J	k	0	1.501	0.857	7.8232758272193355	
141803	8	5	5	9	*	3	-3	24	24	1	3	NA	1	0	S	s	1	1.969	0.733	7.8232758272193355	
141803	9	4	1	8	*	3	-3	21	22	0	3	NA	1	0	F	r	0	2.208	0.867	7.8232758272193355	
141803	9	4	2	9	*	6	-2	52	52	1	4	NA	1	0	K	h	0	1.654	1.53	7.8232758272193355	
141803	9	4	3	6	*	2	-4	8	8	1	2	NA	1	0	P	p	1	2.12	0.966	7.8232758272193355	
141803	9	4	4	8	*	5	-3	37	40	0	4	NA	1	0	S	s	1	1.24	0.767	7.8232758272193355	
141803	10	3	1	3	*	4	-8	4	4	1	2	NA	1	0	J	p	0	1.606	1.486	7.8232758272193355	
141803	10	3	2	9	/	3	-2	1	9	0	1	NA	1	0	N	n	1	1.933	0.788	7.8232758272193355	
141803	10	3	3	6	*	4	-4	20	20	1	3	NA	1	0	T	r	0	1.742	0.708	7.8232758272193355	
141803	11	6	1	4	*	7	-2	26	22	0	3	NA	1	0	H	n	0	2.434	2.094	7.8232758272193355	
141803	11	6	2	7	/	1	-5	2	2	1	1	NA	1	0	P	p	1	1.523	1.068	7.8232758272193355	
141803	11	6	3	5	*	3	-9	6	5	0	2	NA	1	0	R	f	0	1.74	1.891	7.8232758272193355	
141803	11	6	4	8	*	8	-4	60	60	1	4	NA	1	0	Q	h	0	1.631	1.047	7.8232758272193355	
141803	11	6	5	6	*	3	8	26	26	1	2	NA	1	0	L	s	0	1.315	1.676	7.8232758272193355	
141803	11	6	6	5	*	5	6	31	33	0	3	NA	1	0	N	d	0	1.926	0.934	7.8232758272193355	
141803	12	7	1	5	*	6	-4	26	26	1	3	NA	1	0	H	n	0	1.182	0.878	7.8232758272193355	
141803	12	7	2	6	/	1	9	15	16	0	1	NA	1	0	N	p	0	1.269	1.428	7.8232758272193355	
141803	12	7	3	3	*	2	7	13	16	0	1	NA	1	0	L	r	0	2.032	0.935	7.8232758272193355	
141803	12	7	4	5	*	4	1	21	26	0	3	NA	1	0	J	h	0	1.915	1.138	7.8232758272193355	
141803	12	7	5	8	*	2	9	25	25	1	2	NA	1	0	S	s	1	2.298	2.239	7.8232758272193355	
141803	12	7	6	4	/	1	5	9	9	1	1	NA	1	0	R	l	0	1.306	0.8	7.8232758272193355	
141803	12	7	7	6	*	6	6	42	38	0	3	NA	1	0	Y	k	0	1.718	1.115	7.8232758272193355	
141803	13	6	1	4	*	8	-2	30	30	1	3	NA	1	0	Q	q	1	1.8	0.708	7.8232758272193355	
141803	13	6	2	1	*	3	1	4	4	1	1	NA	1	0	J	j	1	1.202	0.798	7.8232758272193355	
141803	13	6	3	2	/	2	2	3	4	0	1	NA	1	0	L	l	1	1.799	0.844	7.8232758272193355	
141803	13	6	4	2	*	2	3	7	7	1	1	NA	1	0	N	f	0	1.431	0.71	7.8232758272193355	
141803	13	6	5	5	*	2	-8	2	10	0	2	NA	1	0	F	n	0	1.728	1.475	7.8232758272193355	
141803	13	6	6	4	*	2	-6	2	9	0	1	NA	1	0	P	p	1	1.698	0.856	7.8232758272193355	
141803	14	5	1	9	*	2	-9	9	9	1	2	NA	1	0	N	n	1	1.408	2.027	7.8232758272193355	
141803	14	5	2	1	*	6	9	15	16	0	1	NA	1	0	F	f	1	2.288	0.912	7.8232758272193355	
141803	14	5	3	4	/	2	3	5	3	0	1	NA	1	0	J	p	0	2.102	1.092	7.8232758272193355	
141803	14	5	4	7	*	6	1	43	43	1	4	NA	1	0	Y	j	0	2.705	1.236	7.8232758272193355	
141803	14	5	5	9	*	4	3	39	39	1	3	NA	1	0	L	l	1	2.06	0.709	7.8232758272193355	
141803	15	3	1	7	*	2	8	22	29	0	2	NA	1	0	T	p	0	1.711	1.608	7.8232758272193355	
141803	15	3	2	8	/	2	6	10	18	0	1	NA	1	0	R	l	0	2.008	0.833	7.8232758272193355	
141803	15	3	3	5	/	1	-3	2	2	1	1	NA	1	0	N	n	1	3.022	0.821	7.8232758272193355	
141803	16	7	1	6	*	9	3	57	57	1	4	NA	1	0	Y	k	0	2.198	0.743	7.8232758272193355	
141803	16	7	2	3	*	8	-5	19	19	1	3	NA	1	0	P	l	0	1.552	1.261	7.8232758272193355	
141803	16	7	3	9	*	9	-2	79	87	0	4	NA	1	0	F	p	0	1.829	0.99	7.8232758272193355	
141803	16	7	4	8	*	4	-6	26	26	1	3	NA	1	0	K	h	0	2.358	1.497	7.8232758272193355	
141803	16	7	5	2	*	6	3	15	21	0	2	NA	1	0	L	s	0	2.888	1.711	7.8232758272193355	
141803	16	7	6	6	/	6	8	9	5	0	1	NA	1	0	R	d	0	2.388	0.811	7.8232758272193355	
141803	16	7	7	3	*	9	-1	26	18	0	3	NA	1	0	N	r	0	1.616	1.666	7.8232758272193355	
141803	17	4	1	2	*	3	7	13	15	0	1	NA	1	0	L	k	0	1.582	1.103	7.8232758272193355	
141803	17	4	2	5	/	5	8	9	9	1	1	NA	1	0	K	s	0	1.288	0.754	7.8232758272193355	
141803	17	4	3	9	*	8	-2	70	70	1	4	NA	1	0	S	f	0	2.54	0.8	7.8232758272193355	
141803	17	4	4	2	*	8	8	24	25	0	2	NA	1	0	J	j	1	1.996	1.722	7.8232758272193355	
