SUBJNO	BLOCKNUM	BLOCKSIZE	NUMINBLOCK	TERM1	OP	TERM2	TERM3	ANSWER	PROBE	PROBETYPE	DIFFIC	MATHRESP	MATHACC	TIMEOUT	TBRLETTER	TYPED	RECALLED	MATHTIME	TFTIME	MAXTIME	
214120	Cal	15	1	7	*	7	-9	40	40	1	4	1	1	0	-	NA	-1	2.157	0.697	10	
214120	Cal	15	2	6	/	2	-2	1	3	0	1	0	1	0	-	NA	-1	1.641	1.408	10	
214120	Cal	15	3	7	*	9	-6	57	60	0	4	0	1	0	-	NA	-1	1.221	0.944	10	
214120	Cal	15	4	1	*	2	3	5	5	1	1	1	1	0	-	NA	-1	1.167	0.704	10	
214120	Cal	15	5	9	/	1	7	16	16	1	1	1	1	0	-	NA	-1	1.059	1.136	10	
214120	Cal	15	6	1	*	4	7	11	11	1	1	NA	0	1	-	NA	-1	10	0	10	
214120	Cal	15	7	4	*	6	-9	15	15	1	3	NA	0	1	-	NA	-1	10	0	10	
214120	Cal	15	8	6	*	8	6	54	54	1	4	1	1	0	-	NA	-1	1.199	0.896	10	
214120	Cal	15	9	5	*	9	-2	43	51	0	4	0	1	0	-	NA	-1	1.225	1.241	10	
214120	Cal	15	10	9	/	9	7	8	13	0	1	0	1	0	-	NA	-1	0.566	1.176	10	
214120	Cal	15	11	4	*	9	3	39	39	1	3	1	1	0	-	NA	-1	0.712	1.16	10	
214120	Cal	15	12	3	*	5	4	19	22	0	2	0	1	0	-	NA	-1	0.506	1.385	10	
214120	Cal	15	13	8	/	4	6	8	13	0	1	1	0	0	-	NA	-1	0.774	1.081	10	
214120	Cal	15	14	5	*	8	-3	37	37	1	4	0	0	0	-	NA	-1	0.388	1.088	10	
214120	Cal	15	15	6	*	7	2	44	39	0	4	0	1	0	-	NA	-1	0.543	0.993	10	
214120	Prac1	2	1	6	/	3	6	8	6	0	1	0	1	0	Y	y	1	1.451	2.041	10.187517648854556	
214120	Prac1	2	2	7	*	5	4	39	39	1	3	1	1	0	H	h	1	0.055	1.088	10.187517648854556	
214120	Prac2	3	1	2	*	7	-5	9	9	1	2	0	0	0	R	h	0	0.545	1.537	10.187517648854556	
214120	Prac2	3	2	2	*	9	-8	10	5	0	2	0	1	0	H	h	1	0.934	0.824	10.187517648854556	
214120	Prac2	3	3	8	*	7	9	65	71	0	4	1	0	0	T	t	1	0.51	0.896	10.187517648854556	
214120	3	6	1	1	*	5	8	13	13	1	1	1	1	0	S	h	0	1.365	0.689	10.187517648854556	
214120	3	6	2	4	*	3	-1	11	6	0	2	0	1	0	F	k	0	0.906	0.76	10.187517648854556	
214120	3	6	3	7	/	7	7	8	15	0	1	1	0	0	T	h	0	0.67	1.017	10.187517648854556	
214120	3	6	4	1	*	9	-1	8	8	1	1	1	1	0	R	k	0	0.978	0.752	10.187517648854556	
214120	3	6	5	4	/	4	2	3	11	0	1	0	1	0	H	k	0	0.604	0.824	10.187517648854556	
214120	3	6	6	7	*	4	9	37	37	1	3	1	1	0	K	k	1	1.742	1.081	10.187517648854556	
214120	4	4	1	1	/	1	5	6	2	0	1	1	0	0	F	t	0	0.669	0.968	10.187517648854556	
214120	4	4	2	2	/	1	3	5	9	0	1	0	1	0	P	t	0	0.482	0.472	10.187517648854556	
214120	4	4	3	3	/	1	1	4	4	1	1	1	1	0	S	h	0	0.612	1.024	10.187517648854556	
214120	4	4	4	2	*	5	8	18	18	1	2	1	1	0	H	h	1	0.623	0.801	10.187517648854556	
214120	5	3	1	8	*	6	2	50	55	0	4	0	1	0	H	h	1	0.606	1.048	10.187517648854556	
214120	5	3	2	1	*	8	-5	3	3	1	1	1	1	0	N	y	0	0.549	0.599	10.187517648854556	
214120	5	3	3	7	*	8	-7	49	58	0	4	0	1	0	P	h	0	0.503	1.064	10.187517648854556	
214120	6	5	1	3	*	7	7	28	28	1	3	1	1	0	J	f	0	0.732	0.681	10.187517648854556	
214120	6	5	2	8	/	8	6	7	14	0	1	0	1	0	N	f	0	0.37	0.873	10.187517648854556	
214120	6	5	3	9	*	5	-4	41	47	0	4	0	1	0	F	f	1	1.016	1.064	10.187517648854556	
214120	6	5	4	8	*	9	-9	63	72	0	4	0	1	0	T	t	1	0.659	1.24	10.187517648854556	
214120	6	5	5	4	*	5	6	26	26	1	3	1	1	0	P	p	1	0.548	1.305	10.187517648854556	
214120	7	7	1	5	*	7	9	44	44	1	3	0	0	0	P	d	0	0.591	1.28	10.187517648854556	
214120	7	7	2	4	*	4	-4	12	12	1	2	1	1	0	Y	d	0	1.836	1.193	10.187517648854556	
214120	7	7	3	3	/	3	4	5	14	0	1	0	1	0	K	k	1	0.787	1.136	10.187517648854556	
214120	7	7	4	2	*	4	-3	5	6	0	1	0	1	0	H	h	1	1.028	0.897	10.187517648854556	
214120	7	7	5	3	*	6	4	22	30	0	2	0	1	0	Q	q	1	1.726	1.305	10.187517648854556	
214120	7	7	6	9	*	7	-4	59	59	1	4	1	1	0	F	f	1	1.294	1.896	10.187517648854556	
214120	7	7	7	8	/	1	-4	4	4	1	1	1	1	0	R	r	1	0.887	2.921	10.187517648854556	
214120	8	5	1	3	*	3	6	15	13	0	1	0	1	0	Q	l	0	1.283	2.193	10.187517648854556	
214120	8	5	2	6	*	5	6	36	35	0	3	0	1	0	H	l	0	0.993	1.04	10.187517648854556	
214120	8	5	3	7	*	3	6	27	27	1	3	0	0	0	T	k	0	1.333	2.872	10.187517648854556	
214120	8	5	4	1	*	7	1	8	9	0	1	NA	0	1	L	k	0	10.187517648854556	0	10.187517648854556	
214120	8	5	5	9	*	3	-5	22	22	1	3	NA	0	1	K	k	1	10.187517648854556	0	10.187517648854556	
214120	9	4	1	8	*	3	-6	18	12	0	3	1	0	0	Q	t	0	2.751	1.097	10.187517648854556	
214120	9	4	2	9	*	6	-6	48	48	1	4	1	1	0	K	h	0	0.683	1.641	10.187517648854556	
214120	9	4	3	6	*	2	-8	4	4	1	2	1	1	0	T	t	1	0.639	0.889	10.187517648854556	
214120	9	4	4	8	*	5	8	48	47	0	4	0	1	0	J	t	0	2.474	1.312	10.187517648854556	
214120	10	3	1	3	*	4	-1	11	11	1	2	1	1	0	K	k	1	1.085	1.873	10.187517648854556	
214120	10	3	2	9	/	3	4	7	7	1	1	1	1	0	Y	y	1	1.974	0.648	10.187517648854556	
214120	10	3	3	6	*	4	1	25	16	0	3	0	1	0	F	f	1	1.412	0.848	10.187517648854556	
214120	11	6	1	4	*	7	7	35	35	1	3	1	1	0	H	k	0	1.251	2.601	10.187517648854556	
214120	11	6	2	7	/	1	-2	5	7	0	1	0	1	0	R	y	0	1.976	1.001	10.187517648854556	
214120	11	6	3	5	*	3	3	18	9	0	2	0	1	0	J	y	0	2.561	0.969	10.187517648854556	
214120	11	6	4	8	*	8	-8	56	47	0	4	0	1	0	S	s	1	1.093	1.352	10.187517648854556	
214120	11	6	5	6	*	3	6	24	24	1	2	1	1	0	K	k	1	1.891	0.728	10.187517648854556	
214120	11	6	6	5	*	5	8	33	33	1	3	1	1	0	P	p	1	0.862	0.994	10.187517648854556	
214120	12	7	1	5	*	6	-4	26	25	0	3	0	1	0	J	j	1	6.021	1.402	10.187517648854556	
214120	12	7	2	6	/	1	5	11	11	1	1	1	1	0	F	f	1	1.596	0.784	10.187517648854556	
214120	12	7	3	3	*	2	1	7	16	0	1	1	0	0	T	t	1	0.165	0.865	10.187517648854556	
214120	12	7	4	5	*	4	-1	19	22	0	3	0	1	0	K	h	0	1.338	0.872	10.187517648854556	
214120	12	7	5	8	*	2	-5	11	10	0	2	0	1	0	L	l	1	0.472	2.104	10.187517648854556	
214120	12	7	6	4	/	1	3	7	7	1	1	1	1	0	H	l	0	0.087	1.593	10.187517648854556	
214120	12	7	7	6	*	6	-3	33	33	1	3	1	1	0	P	p	1	0.699	1.498	10.187517648854556	
214120	13	6	1	4	*	8	-1	31	24	0	3	0	1	0	P	k	0	1.084	1.584	10.187517648854556	
214120	13	6	2	1	*	3	1	4	4	1	1	1	1	0	H	y	0	4.359	0.673	10.187517648854556	
214120	13	6	3	2	/	2	4	5	14	0	1	0	1	0	Y	r	0	2.022	0.984	10.187517648854556	
214120	13	6	4	2	*	2	7	11	11	1	1	0	0	0	Q	t	0	0.485	0.8	10.187517648854556	
214120	13	6	5	5	*	2	2	12	12	1	2	0	0	0	K	r	0	0.624	0.856	10.187517648854556	
214120	13	6	6	4	*	2	-4	4	9	0	1	1	0	0	R	r	1	1.187	1.673	10.187517648854556	
214120	14	5	1	9	*	2	5	23	20	0	2	0	1	0	J	k	0	0.764	0.921	10.187517648854556	
214120	14	5	2	1	*	6	1	7	7	1	1	0	0	0	H	y	0	0.456	0.536	10.187517648854556	
214120	14	5	3	4	/	2	6	8	8	1	1	0	0	0	P	t	0	0.39	0.552	10.187517648854556	
214120	14	5	4	7	*	6	-6	36	34	0	4	1	0	0	T	n	0	0.528	0.52	10.187517648854556	
214120	14	5	5	9	*	4	1	37	37	1	3	1	1	0	N	n	1	0.718	1.185	10.187517648854556	
214120	15	3	1	7	*	2	-2	12	10	0	2	0	1	0	P	p	1	0.726	1.137	10.187517648854556	
214120	15	3	2	8	/	2	5	9	18	0	1	0	1	0	L	l	1	1.692	0.784	10.187517648854556	
214120	15	3	3	5	/	1	8	13	13	1	1	1	1	0	T	t	1	1.096	0.825	10.187517648854556	
214120	16	7	1	6	*	9	-5	49	52	0	4	NA	0	1	Q	k	0	10.187517648854556	0	10.187517648854556	
214120	16	7	2	3	*	8	-4	20	23	0	3	1	0	0	R	y	0	4.282	0.696	10.187517648854556	
214120	16	7	3	9	*	9	-1	80	80	1	4	0	0	0	L	t	0	0.545	0.96	10.187517648854556	
214120	16	7	4	8	*	4	-7	25	25	1	3	1	1	0	Y	l	0	0.467	1.113	10.187517648854556	
214120	16	7	5	2	*	6	1	13	19	0	2	0	1	0	N	l	0	0.844	0.952	10.187517648854556	
214120	16	7	6	6	/	6	2	3	3	1	1	0	0	0	P	l	0	0.451	1.336	10.187517648854556	
214120	16	7	7	3	*	9	-7	20	17	0	3	1	0	0	S	t	0	1.113	1.489	10.187517648854556	
214120	17	4	1	2	*	3	8	14	14	1	1	1	1	0	R	k	0	0.665	0.817	10.187517648854556	
214120	17	4	2	5	/	5	6	7	7	1	1	1	1	0	L	t	0	0.573	1.353	10.187517648854556	
214120	17	4	3	9	*	8	3	75	77	0	4	0	1	0	J	l	0	0.695	0.856	10.187517648854556	
214120	17	4	4	2	*	8	-8	8	10	0	2	1	0	0	Q	r	0	0.408	0.537	10.187517648854556	
