SUBJNO	BLOCKNUM	BLOCKSIZE	NUMINBLOCK	TERM1	OP	TERM2	TERM3	ANSWER	PROBE	PROBETYPE	DIFFIC	MATHRESP	MATHACC	TIMEOUT	TBRLETTER	TYPED	RECALLED	MATHTIME	TFTIME	MAXTIME	
125618	Cal	15	1	7	*	7	2	51	54	0	4	0	1	0	-	NA	-1	3.949	1.785	10	
125618	Cal	15	2	6	/	2	6	9	18	0	1	0	1	0	-	NA	-1	4.592	1.161	10	
125618	Cal	15	3	7	*	9	2	65	65	1	4	NA	0	1	-	NA	-1	10	0	10	
125618	Cal	15	4	1	*	2	3	5	5	1	1	0	0	0	-	NA	-1	2.76	1.409	10	
125618	Cal	15	5	9	/	1	-3	6	6	1	1	1	1	0	-	NA	-1	3.071	1.193	10	
125618	Cal	15	6	1	*	4	-3	1	1	1	1	NA	0	1	-	NA	-1	10	0	10	
125618	Cal	15	7	4	*	6	4	28	34	0	3	0	1	0	-	NA	-1	5.126	2.103	10	
125618	Cal	15	8	6	*	8	4	52	50	0	4	0	1	0	-	NA	-1	4.146	1.569	10	
125618	Cal	15	9	5	*	9	7	52	52	1	4	0	0	0	-	NA	-1	2.772	1.361	10	
125618	Cal	15	10	9	/	9	1	2	2	1	1	1	1	0	-	NA	-1	2.404	0.969	10	
125618	Cal	15	11	4	*	9	-4	32	32	1	3	1	1	0	-	NA	-1	3.227	2.241	10	
125618	Cal	15	12	3	*	5	-6	9	16	0	2	0	1	0	-	NA	-1	2.575	1.569	10	
125618	Cal	15	13	8	/	4	6	8	8	1	1	1	1	0	-	NA	-1	3.857	1.041	10	
125618	Cal	15	14	5	*	8	8	48	55	0	4	0	1	0	-	NA	-1	3.23	1.199	10	
125618	Cal	15	15	6	*	7	2	44	49	0	4	0	1	0	-	NA	-1	2.626	2.113	10	
125618	Prac1	2	1	6	/	3	4	6	6	1	1	1	1	0	Y	y	1	2.491	1.194	10.65273491493453	
125618	Prac1	2	2	7	*	5	-4	31	28	0	3	0	1	0	K	k	1	3.025	1.281	10.65273491493453	
125618	Prac2	3	1	2	*	7	-2	12	10	0	2	0	1	0	S	-	0	2.33	1.281	10.65273491493453	
125618	Prac2	3	2	2	*	9	-6	12	12	1	2	1	1	0	R	-	0	3.058	1.185	10.65273491493453	
125618	Prac2	3	3	8	*	7	8	64	68	0	4	0	1	0	T	t	1	2.832	1.303	10.65273491493453	
125618	3	6	1	1	*	5	-1	4	4	1	1	1	1	0	Q	y	0	2.358	1.913	10.65273491493453	
125618	3	6	2	4	*	3	-4	8	14	0	2	0	1	0	F	k	0	4.033	1.513	10.65273491493453	
125618	3	6	3	7	/	7	3	4	4	1	1	0	0	0	S	t	0	3.364	2.793	10.65273491493453	
125618	3	6	4	1	*	9	-8	1	4	0	1	0	1	0	T	-	0	3.044	0.92	10.65273491493453	
125618	3	6	5	4	/	4	1	2	8	0	1	0	1	0	H	-	0	3.878	1.009	10.65273491493453	
125618	3	6	6	7	*	4	-8	20	20	1	3	1	1	0	P	p	1	3.536	1.225	10.65273491493453	
125618	4	4	1	1	/	1	1	2	2	1	1	1	1	0	H	-	0	2.566	1.017	10.65273491493453	
125618	4	4	2	2	/	1	4	6	14	0	1	0	1	0	Q	-	0	3.366	1.528	10.65273491493453	
125618	4	4	3	3	/	1	5	8	8	1	1	0	0	0	T	-	0	3.289	1.297	10.65273491493453	
125618	4	4	4	2	*	5	7	17	24	0	2	0	1	0	F	-	0	2.465	0.863	10.65273491493453	
125618	5	3	1	8	*	6	2	50	57	0	4	0	1	0	F	-	0	2.419	1.585	10.65273491493453	
125618	5	3	2	1	*	8	5	13	13	1	1	1	1	0	J	-	0	4.065	1.665	10.65273491493453	
125618	5	3	3	7	*	8	8	64	64	1	4	0	0	0	P	-	0	4.7	1.705	10.65273491493453	
125618	6	5	1	3	*	7	-2	19	12	0	3	0	1	0	S	-	0	2.21	1.545	10.65273491493453	
125618	6	5	2	8	/	8	1	2	6	0	1	0	1	0	T	-	0	3.171	1.137	10.65273491493453	
125618	6	5	3	9	*	5	-1	44	44	1	4	1	1	0	L	-	0	2.31	1.073	10.65273491493453	
125618	6	5	4	8	*	9	7	79	79	1	4	0	0	0	P	-	0	8.046	1.673	10.65273491493453	
125618	6	5	5	4	*	5	-3	17	17	1	3	0	0	0	Y	-	0	6.905	1.28	10.65273491493453	
125618	7	7	1	5	*	7	3	38	38	1	3	1	1	0	N	-	0	4.023	1.273	10.65273491493453	
125618	7	7	2	4	*	4	-8	8	13	0	2	0	1	0	Y	-	0	3.413	1.136	10.65273491493453	
125618	7	7	3	3	/	3	9	10	10	1	1	1	1	0	K	-	0	2.109	1.12	10.65273491493453	
125618	7	7	4	2	*	4	-5	3	3	1	1	1	1	0	F	-	0	2.185	1.025	10.65273491493453	
125618	7	7	5	3	*	6	-9	9	4	0	2	0	1	0	T	-	0	2.209	1.121	10.65273491493453	
125618	7	7	6	9	*	7	-3	60	58	0	4	0	1	0	Q	-	0	4.026	1.713	10.65273491493453	
125618	7	7	7	8	/	1	-7	1	1	1	1	1	1	0	S	-	0	3.17	2.289	10.65273491493453	
125618	8	5	1	3	*	3	2	11	11	1	1	1	1	0	R	-	0	3.576	1.185	10.65273491493453	
125618	8	5	2	6	*	5	9	39	45	0	3	0	1	0	F	-	0	3.56	1.241	10.65273491493453	
125618	8	5	3	7	*	3	1	22	22	1	3	1	1	0	N	-	0	1.663	1.074	10.65273491493453	
125618	8	5	4	1	*	7	-4	3	3	1	1	1	1	0	P	-	0	1.968	0.897	10.65273491493453	
125618	8	5	5	9	*	3	-1	26	24	0	3	0	1	0	L	-	0	1.702	2.264	10.65273491493453	
125618	9	4	1	8	*	3	4	28	28	1	3	1	1	0	F	-	0	2.395	1.058	10.65273491493453	
125618	9	4	2	9	*	6	-4	50	50	1	4	1	1	0	H	-	0	3.168	0.945	10.65273491493453	
125618	9	4	3	6	*	2	-6	6	8	0	2	0	1	0	Q	-	0	2.516	1.425	10.65273491493453	
125618	9	4	4	8	*	5	-8	32	26	0	4	0	1	0	S	-	0	2.654	1.633	10.65273491493453	
125618	10	3	1	3	*	4	5	17	17	1	2	1	1	0	F	-	0	2.031	1.105	10.65273491493453	
125618	10	3	2	9	/	3	5	8	1	0	1	0	1	0	Y	-	0	2.602	1.12	10.65273491493453	
125618	10	3	3	6	*	4	1	25	25	1	3	1	1	0	L	-	0	2.019	1.049	10.65273491493453	
125618	11	6	1	4	*	7	-8	20	20	1	3	1	1	0	Q	-	0	3.16	1.001	10.65273491493453	
125618	11	6	2	7	/	1	-4	3	12	0	1	0	1	0	Y	-	0	2.938	1.128	10.65273491493453	
125618	11	6	3	5	*	3	5	20	18	0	2	0	1	0	H	-	0	1.99	1.225	10.65273491493453	
125618	11	6	4	8	*	8	6	70	65	0	4	1	0	0	R	-	0	3.157	1.12	10.65273491493453	
125618	11	6	5	6	*	3	9	27	27	1	2	0	0	0	L	-	0	1.601	1.321	10.65273491493453	
125618	11	6	6	5	*	5	-3	22	22	1	3	1	1	0	P	-	0	2.066	1.585	10.65273491493453	
125618	12	7	1	5	*	6	8	38	42	0	3	0	1	0	H	-	0	3.389	1.377	10.65273491493453	
125618	12	7	2	6	/	1	6	12	13	0	1	0	1	0	R	-	0	2.638	1.161	10.65273491493453	
125618	12	7	3	3	*	2	-4	2	1	0	1	0	1	0	F	-	0	2.822	1.656	10.65273491493453	
125618	12	7	4	5	*	4	1	21	21	1	3	1	1	0	K	-	0	1.729	2.833	10.65273491493453	
125618	12	7	5	8	*	2	-1	15	12	0	2	0	1	0	Y	-	0	1.513	1.321	10.65273491493453	
125618	12	7	6	4	/	1	5	9	9	1	1	1	1	0	J	-	0	2.001	1.064	10.65273491493453	
125618	12	7	7	6	*	6	8	44	44	1	3	0	0	0	S	-	0	2.853	1.272	10.65273491493453	
125618	13	6	1	4	*	8	9	41	41	1	3	1	1	0	H	-	0	4.637	1.128	10.65273491493453	
125618	13	6	2	1	*	3	6	9	16	0	1	0	1	0	L	-	0	3.356	2.169	10.65273491493453	
125618	13	6	3	2	/	2	7	8	8	1	1	1	1	0	F	-	0	2.999	0.977	10.65273491493453	
125618	13	6	4	2	*	2	-2	2	4	0	1	0	1	0	S	-	0	1.888	1.057	10.65273491493453	
125618	13	6	5	5	*	2	4	14	14	1	2	1	1	0	Y	-	0	2.234	1.033	10.65273491493453	
125618	13	6	6	4	*	2	1	9	15	0	1	0	1	0	Q	-	0	1.589	1.185	10.65273491493453	
125618	14	5	1	9	*	2	2	20	15	0	2	0	1	0	F	-	0	1.531	1.305	10.65273491493453	
125618	14	5	2	1	*	6	2	8	8	1	1	1	1	0	H	-	0	2.106	1.177	10.65273491493453	
125618	14	5	3	4	/	2	8	10	11	0	1	0	1	0	Y	-	0	4.469	1.329	10.65273491493453	
125618	14	5	4	7	*	6	-7	35	38	0	4	0	1	0	L	-	0	3.798	1.401	10.65273491493453	
125618	14	5	5	9	*	4	-9	27	27	1	3	1	1	0	K	-	0	2.725	1.153	10.65273491493453	
125618	15	3	1	7	*	2	9	23	26	0	2	0	1	0	H	-	0	2.783	5.681	10.65273491493453	
125618	15	3	2	8	/	2	-2	2	2	1	1	1	1	0	N	-	0	2.164	1.209	10.65273491493453	
125618	15	3	3	5	/	1	9	14	14	1	1	1	1	0	K	-	0	2.564	1.409	10.65273491493453	
125618	16	7	1	6	*	9	3	57	53	0	4	0	1	0	F	-	0	3.096	1.832	10.65273491493453	
125618	16	7	2	3	*	8	-2	22	22	1	3	1	1	0	P	-	0	4.186	1.049	10.65273491493453	
125618	16	7	3	9	*	9	2	83	87	0	4	0	1	0	K	-	0	3.447	1.593	10.65273491493453	
125618	16	7	4	8	*	4	-3	29	33	0	3	0	1	0	N	-	0	2.244	1.713	10.65273491493453	
125618	16	7	5	2	*	6	-2	10	10	1	2	1	1	0	R	-	0	2.636	2.505	10.65273491493453	
125618	16	7	6	6	/	6	1	2	2	1	1	1	1	0	Q	-	0	1.886	1.017	10.65273491493453	
125618	16	7	7	3	*	9	4	31	31	1	3	1	1	0	S	-	0	2.962	0.953	10.65273491493453	
125618	17	4	1	2	*	3	-1	5	5	1	1	1	1	0	K	-	0	1.734	0.983	10.65273491493453	
125618	17	4	2	5	/	5	5	6	7	0	1	0	1	0	N	-	0	2.572	1.153	10.65273491493453	
125618	17	4	3	9	*	8	5	77	77	1	4	0	0	0	Q	-	0	4.799	1.433	10.65273491493453	
125618	17	4	4	2	*	8	9	25	23	0	2	0	1	0	F	-	0	2.789	1.897	10.65273491493453	
