SUBJNO	BLOCKNUM	BLOCKSIZE	NUMINBLOCK	TERM1	OP	TERM2	TERM3	ANSWER	PROBE	PROBETYPE	DIFFIC	MATHRESP	MATHACC	TIMEOUT	TBRLETTER	TYPED	RECALLED	MATHTIME	TFTIME	MAXTIME	
184208	Cal	15	1	7	*	7	8	57	57	1	4	0	0	0	-	NA	-1	4.585	2.936	10	
184208	Cal	15	2	6	/	2	1	4	4	1	1	NA	0	1	-	NA	-1	10	0	10	
184208	Cal	15	3	7	*	9	-9	54	55	0	4	1	0	0	-	NA	-1	5.465	2.576	10	
184208	Cal	15	4	1	*	2	7	9	9	1	1	1	1	0	-	NA	-1	1.976	1.068	10	
184208	Cal	15	5	9	/	1	3	12	12	1	1	1	1	0	-	NA	-1	2.246	0.888	10	
184208	Cal	15	6	1	*	4	7	11	11	1	1	1	1	0	-	NA	-1	2.241	0.992	10	
184208	Cal	15	7	4	*	6	1	25	23	0	3	0	1	0	-	NA	-1	2.692	4.776	10	
184208	Cal	15	8	6	*	8	8	56	47	0	4	0	1	0	-	NA	-1	3.937	1.97	10	
184208	Cal	15	9	5	*	9	-7	38	42	0	4	0	1	0	-	NA	-1	3.848	2.297	10	
184208	Cal	15	10	9	/	9	9	10	13	0	1	0	1	0	-	NA	-1	2.8	0.976	10	
184208	Cal	15	11	4	*	9	3	39	36	0	3	0	1	0	-	NA	-1	2.892	2.997	10	
184208	Cal	15	12	3	*	5	-4	11	9	0	2	0	1	0	-	NA	-1	2.62	2.556	10	
184208	Cal	15	13	8	/	4	4	6	6	1	1	1	1	0	-	NA	-1	2.574	0.968	10	
184208	Cal	15	14	5	*	8	1	41	32	0	4	0	1	0	-	NA	-1	3.504	1.096	10	
184208	Cal	15	15	6	*	7	-1	41	41	1	4	1	1	0	-	NA	-1	3.984	1.232	10	
184208	Prac1	2	1	6	/	3	2	4	6	0	1	NA	1	0	Y	q	0	2.493	1.096	10.686800783450158	
184208	Prac1	2	2	7	*	5	6	41	41	1	3	NA	1	0	P	p	1	2.648	0.856	10.686800783450158	
184208	Prac2	3	1	2	*	7	-4	10	10	1	2	NA	1	0	P	p	1	2.256	1.208	10.686800783450158	
184208	Prac2	3	2	2	*	9	3	21	26	0	2	NA	1	0	Q	q	1	3.197	2.176	10.686800783450158	
184208	Prac2	3	3	8	*	7	4	60	60	1	4	NA	0	0	Y	y	1	5.116	1.288	10.686800783450158	
184208	3	6	1	1	*	5	3	8	15	0	1	NA	1	0	S	s	1	1.78	1.304	10.686800783450158	
184208	3	6	2	4	*	3	1	13	13	1	2	NA	1	0	J	j	1	2.36	1.216	10.686800783450158	
184208	3	6	3	7	/	7	2	3	3	1	1	NA	1	0	T	t	1	3.587	0.888	10.686800783450158	
184208	3	6	4	1	*	9	7	16	16	1	1	NA	1	0	R	r	1	3.376	1.304	10.686800783450158	
184208	3	6	5	4	/	4	7	8	9	0	1	NA	1	0	P	p	1	3.108	2.272	10.686800783450158	
184208	3	6	6	7	*	4	-7	21	23	0	3	NA	1	0	K	k	1	5.538	1.489	10.686800783450158	
184208	4	4	1	1	/	1	2	3	1	0	1	NA	1	0	P	p	1	1.7	1.164	10.686800783450158	
184208	4	4	2	2	/	1	5	7	7	1	1	NA	1	0	L	l	1	2.78	1.152	10.686800783450158	
184208	4	4	3	3	/	1	6	9	14	0	1	NA	1	0	Q	q	1	2.503	1.024	10.686800783450158	
184208	4	4	4	2	*	5	-5	5	5	1	2	NA	1	0	K	k	1	3.108	1.144	10.686800783450158	
184208	5	3	1	8	*	6	-6	42	48	0	4	NA	1	0	L	l	1	3.628	1.424	10.686800783450158	
184208	5	3	2	1	*	8	-1	7	3	0	1	NA	1	0	Y	y	1	3.193	1.032	10.686800783450158	
184208	5	3	3	7	*	8	-8	48	48	1	4	NA	0	1	T	t	1	10.686800783450158	0	10.686800783450158	
184208	6	5	1	3	*	7	4	25	25	1	3	NA	1	0	J	j	1	3.548	1.608	10.686800783450158	
184208	6	5	2	8	/	8	9	10	7	0	1	NA	1	0	F	f	1	2.813	1.096	10.686800783450158	
184208	6	5	3	9	*	5	7	52	54	0	4	NA	1	0	R	r	1	4.638	2.017	10.686800783450158	
184208	6	5	4	8	*	9	-1	71	71	1	4	NA	1	0	N	n	1	3.676	1.24	10.686800783450158	
184208	6	5	5	4	*	5	-9	11	14	0	3	NA	1	0	Q	q	1	3.512	3.625	10.686800783450158	
184208	7	7	1	5	*	7	1	36	31	0	3	NA	1	0	S	s	1	1.58	0.928	10.686800783450158	
184208	7	7	2	4	*	4	-5	11	11	1	2	NA	1	0	Y	y	1	4.21	1.168	10.686800783450158	
184208	7	7	3	3	/	3	6	7	7	1	1	NA	1	0	L	l	1	3.24	1.064	10.686800783450158	
184208	7	7	4	2	*	4	-2	6	6	1	1	NA	1	0	T	t	1	4.373	1.2	10.686800783450158	
184208	7	7	5	3	*	6	3	21	21	1	2	NA	1	0	P	p	1	2.525	1.088	10.686800783450158	
184208	7	7	6	9	*	7	5	68	73	0	4	NA	1	0	N	n	1	5.522	1.048	10.686800783450158	
184208	7	7	7	8	/	1	1	9	10	0	1	NA	1	0	J	j	1	2.616	0.969	10.686800783450158	
184208	8	5	1	3	*	3	6	15	6	0	1	NA	1	0	Q	q	1	1.508	0.913	10.686800783450158	
184208	8	5	2	6	*	5	6	36	36	1	3	NA	1	0	P	p	1	3.452	2.24	10.686800783450158	
184208	8	5	3	7	*	3	2	23	23	1	3	NA	1	0	F	f	1	2.466	1.433	10.686800783450158	
184208	8	5	4	1	*	7	-4	3	9	0	1	NA	1	0	S	s	1	3.82	0.928	10.686800783450158	
184208	8	5	5	9	*	3	1	28	26	0	3	NA	1	0	R	r	1	2.568	0.96	10.686800783450158	
184208	9	4	1	8	*	3	6	30	27	0	3	NA	1	0	K	k	1	3.54	1.016	10.686800783450158	
184208	9	4	2	9	*	6	3	57	57	1	4	NA	1	0	Y	y	1	4.632	1.325	10.686800783450158	
184208	9	4	3	6	*	2	-3	9	12	0	2	NA	1	0	H	h	1	3.566	1.825	10.686800783450158	
184208	9	4	4	8	*	5	-3	37	37	1	4	NA	1	0	R	r	1	3.64	2.16	10.686800783450158	
184208	10	3	1	3	*	4	-5	7	7	1	2	NA	1	0	F	f	1	5.076	1.553	10.686800783450158	
184208	10	3	2	9	/	3	-2	1	10	0	1	NA	1	0	K	k	1	2.576	0.848	10.686800783450158	
184208	10	3	3	6	*	4	2	26	24	0	3	NA	1	0	S	s	1	2.784	0.832	10.686800783450158	
184208	11	6	1	4	*	7	3	31	31	1	3	NA	1	0	F	f	1	3.144	1.064	10.686800783450158	
184208	11	6	2	7	/	1	-6	1	3	0	1	NA	1	0	P	p	1	3.196	1.408	10.686800783450158	
184208	11	6	3	5	*	3	9	24	22	0	2	NA	1	0	Q	q	1	3.972	1.046	10.686800783450158	
184208	11	6	4	8	*	8	-5	59	53	0	4	NA	1	0	T	t	1	4.804	4.945	10.686800783450158	
184208	11	6	5	6	*	3	5	23	23	1	2	NA	1	0	L	l	1	3.397	1.68	10.686800783450158	
184208	11	6	6	5	*	5	6	31	31	1	3	NA	1	0	K	k	1	3.048	1.384	10.686800783450158	
184208	12	7	1	5	*	6	-8	22	22	1	3	NA	1	0	S	s	1	2.78	2.154	10.686800783450158	
184208	12	7	2	6	/	1	-1	5	7	0	1	NA	1	0	Q	q	1	2.944	0.936	10.686800783450158	
184208	12	7	3	3	*	2	-3	3	3	1	1	NA	1	0	L	l	1	2.94	0.856	10.686800783450158	
184208	12	7	4	5	*	4	-9	11	14	0	3	NA	1	0	R	r	1	3.933	1.08	10.686800783450158	
184208	12	7	5	8	*	2	2	18	21	0	2	NA	1	0	K	k	1	2.252	0.992	10.686800783450158	
184208	12	7	6	4	/	1	7	11	5	0	1	NA	1	0	N	n	1	2.764	1.088	10.686800783450158	
184208	12	7	7	6	*	6	6	42	42	1	3	NA	1	0	F	f	1	4.408	3.128	10.686800783450158	
184208	13	6	1	4	*	8	9	41	44	0	3	NA	1	0	H	h	1	4.093	2.024	10.686800783450158	
184208	13	6	2	1	*	3	7	10	10	1	1	NA	1	0	J	j	1	3.057	1.77	10.686800783450158	
184208	13	6	3	2	/	2	2	3	3	1	1	NA	1	0	N	n	1	2.624	0.8	10.686800783450158	
184208	13	6	4	2	*	2	-3	1	3	0	1	NA	1	0	T	t	1	4.244	1.737	10.686800783450158	
184208	13	6	5	5	*	2	-7	3	3	1	2	NA	1	0	Y	y	1	2.528	1.44	10.686800783450158	
184208	13	6	6	4	*	2	-1	7	12	0	1	NA	1	0	P	p	1	3.21	1.32	10.686800783450158	
184208	14	5	1	9	*	2	4	22	22	1	2	NA	1	0	Q	q	1	4.224	1.632	10.686800783450158	
184208	14	5	2	1	*	6	-4	2	10	0	1	NA	1	0	T	t	1	2.906	1.16	10.686800783450158	
184208	14	5	3	4	/	2	5	7	5	0	1	NA	1	0	H	h	1	3.449	0.824	10.686800783450158	
184208	14	5	4	7	*	6	-5	37	46	0	4	NA	1	0	N	n	1	4.206	0.952	10.686800783450158	
184208	14	5	5	9	*	4	5	41	41	1	3	NA	1	0	R	r	1	3.616	1.52	10.686800783450158	
184208	15	3	1	7	*	2	-7	7	7	1	2	NA	1	0	Y	y	1	3.28	2.056	10.686800783450158	
184208	15	3	2	8	/	2	3	7	2	0	1	NA	1	0	N	n	1	4.472	0.857	10.686800783450158	
184208	15	3	3	5	/	1	-1	4	12	0	1	NA	1	0	Q	q	1	2.396	0.992	10.686800783450158	
184208	16	7	1	6	*	9	-4	50	54	0	4	NA	1	0	K	k	1	3.088	1.196	10.686800783450158	
184208	16	7	2	3	*	8	-5	19	19	1	3	NA	1	0	P	p	1	4.294	3.412	10.686800783450158	
184208	16	7	3	9	*	9	3	84	84	1	4	NA	0	0	Y	y	1	2.532	3.328	10.686800783450158	
184208	16	7	4	8	*	4	8	40	47	0	3	NA	1	0	Q	q	1	4.009	0.944	10.686800783450158	
184208	16	7	5	2	*	6	-7	5	5	1	2	NA	1	0	J	j	1	4.266	4.524	10.686800783450158	
184208	16	7	6	6	/	6	5	6	8	0	1	NA	1	0	T	t	1	2.364	2.161	10.686800783450158	
184208	16	7	7	3	*	9	-6	21	24	0	3	NA	1	0	N	n	1	2.848	0.968	10.686800783450158	
184208	17	4	1	2	*	3	8	14	14	1	1	NA	1	0	S	s	1	3.284	2.313	10.686800783450158	
184208	17	4	2	5	/	5	9	10	13	0	1	NA	1	0	Q	q	1	1.98	0.912	10.686800783450158	
184208	17	4	3	9	*	8	-5	67	67	1	4	NA	1	0	P	p	1	3.952	1.745	10.686800783450158	
184208	17	4	4	2	*	8	-8	8	13	0	2	NA	1	0	Y	y	1	5.368	3	10.686800783450158	
