SUBJNO	BLOCKNUM	BLOCKSIZE	NUMINBLOCK	TERM1	OP	TERM2	TERM3	ANSWER	PROBE	PROBETYPE	DIFFIC	MATHRESP	MATHACC	TIMEOUT	TBRLETTER	TYPED	RECALLED	MATHTIME	TFTIME	MAXTIME	
201427	Cal	15	1	7	*	7	8	57	66	0	4	0	1	0	-	NA	-1	4.446	4.255	10	
201427	Cal	15	2	6	/	2	3	6	15	0	1	NA	0	1	-	NA	-1	10	0	10	
201427	Cal	15	3	7	*	9	5	68	68	1	4	NA	0	1	-	NA	-1	10	0	10	
201427	Cal	15	4	1	*	2	5	7	7	1	1	NA	0	1	-	NA	-1	10	0	10	
201427	Cal	15	5	9	/	1	-8	1	3	0	1	0	1	0	-	NA	-1	1.635	2.08	10	
201427	Cal	15	6	1	*	4	5	9	9	1	1	1	1	0	-	NA	-1	2.096	1.211	10	
201427	Cal	15	7	4	*	6	6	30	30	1	3	1	1	0	-	NA	-1	2.535	1.057	10	
201427	Cal	15	8	6	*	8	4	52	52	1	4	1	1	0	-	NA	-1	1.636	2.509	10	
201427	Cal	15	9	5	*	9	1	46	46	1	4	0	0	0	-	NA	-1	4.354	1.396	10	
201427	Cal	15	10	9	/	9	3	4	7	0	1	0	1	0	-	NA	-1	1.186	2.229	10	
201427	Cal	15	11	4	*	9	-9	27	32	0	3	0	1	0	-	NA	-1	2.901	1.875	10	
201427	Cal	15	12	3	*	5	3	18	13	0	2	0	1	0	-	NA	-1	1.389	1.197	10	
201427	Cal	15	13	8	/	4	1	3	3	1	1	0	0	0	-	NA	-1	0.002	5.475	10	
201427	Cal	15	14	5	*	8	1	41	41	1	4	1	1	0	-	NA	-1	2.119	0.927	10	
201427	Cal	15	15	6	*	7	-9	33	35	0	4	0	1	0	-	NA	-1	2.667	1.757	10	
201427	Prac1	2	1	6	/	3	3	5	5	1	1	1	1	0	K	k	1	4	1.796	12.377470877079096	
201427	Prac1	2	2	7	*	5	1	36	33	0	3	0	1	0	T	t	1	2.624	1.494	12.377470877079096	
201427	Prac2	3	1	2	*	7	-7	7	16	0	2	0	1	0	P	h	0	1.932	2.343	12.377470877079096	
201427	Prac2	3	2	2	*	9	-9	9	15	0	2	0	1	0	H	s	0	1.807	1.086	12.377470877079096	
201427	Prac2	3	3	8	*	7	7	63	63	1	4	1	1	0	S	t	0	3.893	1.385	12.377470877079096	
201427	3	6	1	1	*	5	-3	2	2	1	1	1	1	0	F	f	1	2.034	2.263	12.377470877079096	
201427	3	6	2	4	*	3	2	14	14	1	2	1	1	0	S	s	1	1.897	0.851	12.377470877079096	
201427	3	6	3	7	/	7	2	3	1	0	1	0	1	0	J	j	1	2.816	2.516	12.377470877079096	
201427	3	6	4	1	*	9	-7	2	1	0	1	0	1	0	L	l	1	2.006	1.161	12.377470877079096	
201427	3	6	5	4	/	4	9	10	10	1	1	1	1	0	Q	q	1	4.066	0.986	12.377470877079096	
201427	3	6	6	7	*	4	3	31	25	0	3	0	1	0	P	p	1	3.567	1.19	12.377470877079096	
201427	4	4	1	1	/	1	5	6	9	0	1	0	1	0	Y	f	0	2.573	1.271	12.377470877079096	
201427	4	4	2	2	/	1	5	7	7	1	1	0	0	0	P	s	0	0.269	2.732	12.377470877079096	
201427	4	4	3	3	/	1	2	5	6	0	1	0	1	0	K	j	0	4.635	1.326	12.377470877079096	
201427	4	4	4	2	*	5	5	15	15	1	2	0	0	0	Q	q	1	0.825	0.985	12.377470877079096	
201427	5	3	1	8	*	6	-1	47	47	1	4	1	1	0	S	s	1	1.616	1.053	12.377470877079096	
201427	5	3	2	1	*	8	4	12	4	0	1	0	1	0	L	l	1	0.215	2.038	12.377470877079096	
201427	5	3	3	7	*	8	2	58	49	0	4	0	1	0	K	k	1	1.857	1.787	12.377470877079096	
201427	6	5	1	3	*	7	-1	20	20	1	3	1	1	0	R	r	1	1.794	1.161	12.377470877079096	
201427	6	5	2	8	/	8	8	9	9	1	1	1	1	0	T	t	1	1.92	0.837	12.377470877079096	
201427	6	5	3	9	*	5	6	51	60	0	4	0	1	0	J	j	1	0.355	2.499	12.377470877079096	
201427	6	5	4	8	*	9	5	77	79	0	4	0	1	0	P	p	1	7.023	3.251	12.377470877079096	
201427	6	5	5	4	*	5	2	22	15	0	3	0	1	0	H	h	1	1.74	1.301	12.377470877079096	
201427	7	7	1	5	*	7	5	40	40	1	3	1	1	0	T	t	1	1.168	0.889	12.377470877079096	
201427	7	7	2	4	*	4	7	23	28	0	2	0	1	0	F	s	0	1.795	1.023	12.377470877079096	
201427	7	7	3	3	/	3	7	8	8	1	1	1	1	0	S	f	0	1.324	0.888	12.377470877079096	
201427	7	7	4	2	*	4	-7	1	4	0	1	0	1	0	K	k	1	1.639	1.298	12.377470877079096	
201427	7	7	5	3	*	6	-8	10	7	0	2	0	1	0	J	j	1	1.04	1.124	12.377470877079096	
201427	7	7	6	9	*	7	-5	58	58	1	4	0	0	0	Y	y	1	2.857	1.153	12.377470877079096	
201427	7	7	7	8	/	1	-2	6	6	1	1	1	1	0	N	n	1	2.826	2.316	12.377470877079096	
201427	8	5	1	3	*	3	1	10	19	0	1	0	1	0	P	p	1	3.111	1.752	12.377470877079096	
201427	8	5	2	6	*	5	9	39	39	1	3	0	0	0	R	r	1	0.175	1.356	12.377470877079096	
201427	8	5	3	7	*	3	-6	15	10	0	3	0	1	0	N	n	1	0.683	1.719	12.377470877079096	
201427	8	5	4	1	*	7	1	8	8	1	1	0	0	0	H	h	1	0.796	0.558	12.377470877079096	
201427	8	5	5	9	*	3	-3	24	24	1	3	1	1	0	Y	y	1	0.835	0.732	12.377470877079096	
201427	9	4	1	8	*	3	4	28	28	1	3	1	1	0	L	l	1	1.476	1.885	12.377470877079096	
201427	9	4	2	9	*	6	2	56	57	0	4	0	1	0	N	n	1	3.165	2.656	12.377470877079096	
201427	9	4	3	6	*	2	5	17	17	1	2	0	0	0	P	p	1	0.399	0.711	12.377470877079096	
201427	9	4	4	8	*	5	-4	36	44	0	4	0	1	0	R	r	1	0.16	0.318	12.377470877079096	
201427	10	3	1	3	*	4	5	17	17	1	2	1	1	0	R	j	0	2.919	1.274	12.377470877079096	
201427	10	3	2	9	/	3	6	9	3	0	1	1	0	0	J	l	0	3.175	0.259	12.377470877079096	
201427	10	3	3	6	*	4	-1	23	32	0	3	1	0	0	N	j	0	0.177	0.546	12.377470877079096	
201427	11	6	1	4	*	7	6	34	40	0	3	1	0	0	Y	f	0	0.562	1.007	12.377470877079096	
201427	11	6	2	7	/	1	9	16	16	1	1	1	1	0	T	j	0	0.239	0.215	12.377470877079096	
201427	11	6	3	5	*	3	-5	10	1	0	2	1	0	0	S	s	1	0.057	0.293	12.377470877079096	
201427	11	6	4	8	*	8	5	69	78	0	4	1	0	0	Q	w	0	0.015	0.205	12.377470877079096	
201427	11	6	5	6	*	3	5	23	23	1	2	1	1	0	J	r	0	0.194	0.205	12.377470877079096	
201427	11	6	6	5	*	5	3	28	28	1	3	1	1	0	R	y	0	0.146	0.244	12.377470877079096	
201427	12	7	1	5	*	6	3	33	27	0	3	0	1	0	F	f	1	0.68	1.245	12.377470877079096	
201427	12	7	2	6	/	1	9	15	15	1	1	0	0	0	N	s	0	0.233	0.234	12.377470877079096	
201427	12	7	3	3	*	2	4	10	5	0	1	0	1	0	S	d	0	0.071	0.208	12.377470877079096	
201427	12	7	4	5	*	4	6	26	26	1	3	0	0	0	P	f	0	0.14	0.216	12.377470877079096	
201427	12	7	5	8	*	2	-2	14	14	1	2	0	0	0	R	w	0	0.086	0.35	12.377470877079096	
201427	12	7	6	4	/	1	6	10	10	1	1	0	0	0	J	r	0	0.153	0.341	12.377470877079096	
201427	12	7	7	6	*	6	1	37	39	0	3	0	1	0	Q	y	0	0.2	0.237	12.377470877079096	
201427	13	6	1	4	*	8	-8	24	24	1	3	1	1	0	J	h	0	5.824	1.62	12.377470877079096	
201427	13	6	2	1	*	3	4	7	10	0	1	NA	0	1	T	i	0	12.377470877079096	0	12.377470877079096	
201427	13	6	3	2	/	2	9	10	10	1	1	NA	0	1	K	h	0	12.377470877079096	0	12.377470877079096	
201427	13	6	4	2	*	2	7	11	2	0	1	NA	0	1	H	i	0	12.377470877079096	0	12.377470877079096	
201427	13	6	5	5	*	2	-7	3	6	0	2	1	0	0	Q	h	0	2.145	1.846	12.377470877079096	
201427	13	6	6	4	*	2	-6	2	2	1	1	0	0	0	Y	o	0	0.254	1.142	12.377470877079096	
201427	14	5	1	9	*	2	-1	17	15	0	2	0	1	0	R	h	0	1.911	2.275	12.377470877079096	
201427	14	5	2	1	*	6	-1	5	5	1	1	1	1	0	Y	o	0	4.019	1.796	12.377470877079096	
201427	14	5	3	4	/	2	1	3	11	0	1	0	1	0	L	h	0	3.87	1.258	12.377470877079096	
201427	14	5	4	7	*	6	2	44	44	1	4	0	0	0	P	o	0	0.099	2.008	12.377470877079096	
201427	14	5	5	9	*	4	1	37	38	0	3	0	1	0	H	p	0	1.683	1.347	12.377470877079096	
201427	15	3	1	7	*	2	-3	11	11	1	2	1	1	0	L	l	1	9.36	2.46	12.377470877079096	
201427	15	3	2	8	/	2	9	13	19	0	1	1	0	0	N	l	0	0.003	1.28	12.377470877079096	
201427	15	3	3	5	/	1	-1	4	2	0	1	0	1	0	Y	l	0	3.053	1.347	12.377470877079096	
201427	16	7	1	6	*	9	-8	46	54	0	4	0	1	0	T	h	0	3.036	1.247	12.377470877079096	
201427	16	7	2	3	*	8	9	33	30	0	3	NA	0	1	N	h	0	12.377470877079096	0	12.377470877079096	
201427	16	7	3	9	*	9	-8	73	75	0	4	NA	0	1	Q	h	0	12.377470877079096	0	12.377470877079096	
201427	16	7	4	8	*	4	-5	27	27	1	3	NA	0	1	Y	h	0	12.377470877079096	0	12.377470877079096	
201427	16	7	5	2	*	6	-9	3	3	1	2	1	1	0	K	h	0	4.605	3.476	12.377470877079096	
201427	16	7	6	6	/	6	8	9	9	1	1	1	1	0	F	h	0	1.306	3.457	12.377470877079096	
201427	16	7	7	3	*	9	-3	24	24	1	3	NA	0	1	H	h	1	12.377470877079096	0	12.377470877079096	
201427	17	4	1	2	*	3	8	14	14	1	1	1	1	0	Q	q	1	0.847	1.271	12.377470877079096	
201427	17	4	2	5	/	5	5	6	4	0	1	0	1	0	T	t	1	0.435	1.189	12.377470877079096	
201427	17	4	3	9	*	8	-9	63	63	1	4	0	0	0	H	s	0	0.252	0.021	12.377470877079096	
201427	17	4	4	2	*	8	1	17	18	0	2	0	1	0	S	h	0	0.3	0.021	12.377470877079096	
