SUBJNO	BLOCKNUM	BLOCKSIZE	NUMINBLOCK	TERM1	OP	TERM2	TERM3	ANSWER	PROBE	PROBETYPE	DIFFIC	MATHRESP	MATHACC	TIMEOUT	TBRLETTER	TYPED	RECALLED	MATHTIME	TFTIME	MAXTIME	
095449	Cal	15	1	7	*	7	8	57	57	1	4	NA	0	1	-	NA	-1	10	0	10	
095449	Cal	15	2	6	/	2	1	4	4	1	1	0	0	0	-	NA	-1	0.202	1.268	10	
095449	Cal	15	3	7	*	9	1	64	64	1	4	1	1	0	-	NA	-1	2.331	1.013	10	
095449	Cal	15	4	1	*	2	2	4	7	0	1	0	1	0	-	NA	-1	1.692	0.909	10	
095449	Cal	15	5	9	/	1	-3	6	6	1	1	1	1	0	-	NA	-1	2.574	0.716	10	
095449	Cal	15	6	1	*	4	6	10	19	0	1	0	1	0	-	NA	-1	1.978	0.931	10	
095449	Cal	15	7	4	*	6	-5	19	23	0	3	0	1	0	-	NA	-1	2.394	0.862	10	
095449	Cal	15	8	6	*	8	-2	46	46	1	4	1	1	0	-	NA	-1	2.556	0.724	10	
095449	Cal	15	9	5	*	9	-4	41	44	0	4	1	0	0	-	NA	-1	0.269	1.103	10	
095449	Cal	15	10	9	/	9	4	5	5	1	1	1	1	0	-	NA	-1	2.008	0.768	10	
095449	Cal	15	11	4	*	9	-7	29	29	1	3	1	1	0	-	NA	-1	2.579	1.064	10	
095449	Cal	15	12	3	*	5	-6	9	9	1	2	1	1	0	-	NA	-1	1.032	0.833	10	
095449	Cal	15	13	8	/	4	4	6	8	0	1	0	1	0	-	NA	-1	2.389	0.755	10	
095449	Cal	15	14	5	*	8	-2	38	42	0	4	0	1	0	-	NA	-1	2.609	0.897	10	
095449	Cal	15	15	6	*	7	6	48	46	0	4	1	0	0	-	NA	-1	1.573	0.708	10	
095449	Prac1	2	1	6	/	3	1	3	3	1	1	0	0	0	S	s	1	3.086	1.002	8.254474664874879	
095449	Prac1	2	2	7	*	5	-9	26	24	0	3	1	0	0	R	r	1	2.644	0.637	8.254474664874879	
095449	Prac2	3	1	2	*	7	9	23	23	1	2	1	1	0	J	j	1	2.304	0.868	8.254474664874879	
095449	Prac2	3	2	2	*	9	7	25	20	0	2	1	0	0	Q	q	1	1.863	1.289	8.254474664874879	
095449	Prac2	3	3	8	*	7	-7	49	49	1	4	0	0	0	F	f	1	1.795	0.746	8.254474664874879	
095449	3	6	1	1	*	5	-3	2	7	0	1	0	1	0	J	j	1	2.496	1.587	8.254474664874879	
095449	3	6	2	4	*	3	-1	11	12	0	2	0	1	0	K	k	1	1.741	0.91	8.254474664874879	
095449	3	6	3	7	/	7	6	7	7	1	1	1	1	0	F	f	1	1.76	1.557	8.254474664874879	
095449	3	6	4	1	*	9	-1	8	8	1	1	1	1	0	L	l	1	2.962	0.766	8.254474664874879	
095449	3	6	5	4	/	4	2	3	3	1	1	1	1	0	N	m	0	2.643	1.258	8.254474664874879	
095449	3	6	6	7	*	4	-1	27	34	0	3	0	1	0	P	p	1	2.01	1.199	8.254474664874879	
095449	4	4	1	1	/	1	6	7	7	1	1	1	1	0	S	s	1	2.4	0.964	8.254474664874879	
095449	4	4	2	2	/	1	4	6	10	0	1	0	1	0	F	f	1	2.299	0.818	8.254474664874879	
095449	4	4	3	3	/	1	-1	2	9	0	1	0	1	0	R	r	1	2.233	0.84	8.254474664874879	
095449	4	4	4	2	*	5	1	11	11	1	2	1	1	0	N	n	1	1.678	0.81	8.254474664874879	
095449	5	3	1	8	*	6	-5	43	51	0	4	0	1	0	N	n	1	1.86	2.404	8.254474664874879	
095449	5	3	2	1	*	8	1	9	10	0	1	0	1	0	J	j	1	1.784	1.411	8.254474664874879	
095449	5	3	3	7	*	8	5	61	61	1	4	1	1	0	R	r	1	1.314	0.808	8.254474664874879	
095449	6	5	1	3	*	7	2	23	23	1	3	1	1	0	F	f	1	2.423	0.796	8.254474664874879	
095449	6	5	2	8	/	8	8	9	9	1	1	1	1	0	Y	y	1	1.617	0.766	8.254474664874879	
095449	6	5	3	9	*	5	6	51	51	1	4	1	1	0	T	t	1	1.22	0.653	8.254474664874879	
095449	6	5	4	8	*	9	-7	65	69	0	4	0	1	0	J	j	1	1.06	0.745	8.254474664874879	
095449	6	5	5	4	*	5	6	26	18	0	3	1	0	0	N	n	1	3.229	0.706	8.254474664874879	
095449	7	7	1	5	*	7	3	38	45	0	3	0	1	0	J	j	1	2.186	1.08	8.254474664874879	
095449	7	7	2	4	*	4	-2	14	14	1	2	0	0	0	H	n	0	1.624	0.9	8.254474664874879	
095449	7	7	3	3	/	3	3	4	4	1	1	1	1	0	N	h	0	1.628	0.705	8.254474664874879	
095449	7	7	4	2	*	4	5	13	13	1	1	1	1	0	T	t	1	1.761	1.001	8.254474664874879	
095449	7	7	5	3	*	6	5	23	16	0	2	0	1	0	Y	y	1	1.73	0.859	8.254474664874879	
095449	7	7	6	9	*	7	-8	55	55	1	4	0	0	0	S	s	1	2.525	0.792	8.254474664874879	
095449	7	7	7	8	/	1	3	11	10	0	1	1	0	0	L	l	1	2.279	0.457	8.254474664874879	
095449	8	5	1	3	*	3	5	14	20	0	1	0	1	0	H	h	1	2.122	1.043	8.254474664874879	
095449	8	5	2	6	*	5	-2	28	28	1	3	1	1	0	F	s	0	1.471	0.868	8.254474664874879	
095449	8	5	3	7	*	3	-6	15	22	0	3	0	1	0	S	f	0	1.363	1.045	8.254474664874879	
095449	8	5	4	1	*	7	5	12	12	1	1	1	1	0	P	p	1	1.688	1.205	8.254474664874879	
095449	8	5	5	9	*	3	-3	24	32	0	3	0	1	0	N	n	1	1.334	1.485	8.254474664874879	
095449	9	4	1	8	*	3	-8	16	16	1	3	0	0	0	P	p	1	2.514	1.226	8.254474664874879	
095449	9	4	2	9	*	6	7	61	61	1	4	0	0	0	Y	f	0	1.298	1.042	8.254474664874879	
095449	9	4	3	6	*	2	-4	8	14	0	2	0	1	0	K	k	1	0.872	1.154	8.254474664874879	
095449	9	4	4	8	*	5	-1	39	41	0	4	1	0	0	T	t	1	0.984	0.654	8.254474664874879	
095449	10	3	1	3	*	4	-4	8	14	0	2	0	1	0	J	j	1	1.882	0.859	8.254474664874879	
095449	10	3	2	9	/	3	5	8	2	0	1	0	1	0	F	f	1	2.348	0.869	8.254474664874879	
095449	10	3	3	6	*	4	6	30	30	1	3	0	0	0	K	k	1	0.81	0.962	8.254474664874879	
095449	11	6	1	4	*	7	6	34	34	1	3	1	1	0	S	f	0	2.795	0.838	8.254474664874879	
095449	11	6	2	7	/	1	4	11	11	1	1	1	1	0	F	s	0	1.727	1.557	8.254474664874879	
095449	11	6	3	5	*	3	6	21	21	1	2	1	1	0	L	l	1	1.392	0.714	8.254474664874879	
095449	11	6	4	8	*	8	9	73	79	0	4	1	0	0	Y	y	1	1.791	1.31	8.254474664874879	
095449	11	6	5	6	*	3	-4	14	9	0	2	0	1	0	J	j	1	1.687	0.807	8.254474664874879	
095449	11	6	6	5	*	5	-5	20	23	0	3	0	1	0	P	l	0	2.115	0.773	8.254474664874879	
095449	12	7	1	5	*	6	9	39	32	0	3	1	0	0	J	j	1	3.005	1.053	8.254474664874879	
095449	12	7	2	6	/	1	4	10	10	1	1	0	0	0	S	s	1	2.245	0.962	8.254474664874879	
095449	12	7	3	3	*	2	-3	3	7	0	1	0	1	0	L	l	1	1.563	0.757	8.254474664874879	
095449	12	7	4	5	*	4	4	24	28	0	3	0	1	0	Y	y	1	1.736	0.825	8.254474664874879	
095449	12	7	5	8	*	2	7	23	23	1	2	1	1	0	N	q	0	1.495	0.689	8.254474664874879	
095449	12	7	6	4	/	1	3	7	6	0	1	0	1	0	Q	n	0	1.448	0.934	8.254474664874879	
095449	12	7	7	6	*	6	-3	33	33	1	3	1	1	0	T	l	0	2.431	1.024	8.254474664874879	
095449	13	6	1	4	*	8	-5	27	27	1	3	1	1	0	P	p	1	3.283	0.941	8.254474664874879	
095449	13	6	2	1	*	3	-2	1	1	1	1	1	1	0	S	s	1	2.634	0.972	8.254474664874879	
095449	13	6	3	2	/	2	3	4	4	1	1	1	1	0	R	r	1	1.701	0.857	8.254474664874879	
095449	13	6	4	2	*	2	-3	1	4	0	1	0	1	0	T	t	1	1.583	1.072	8.254474664874879	
095449	13	6	5	5	*	2	3	13	20	0	2	0	1	0	L	l	1	1.695	0.748	8.254474664874879	
095449	13	6	6	4	*	2	6	14	22	0	1	0	1	0	Y	y	1	1.978	0.72	8.254474664874879	
095449	14	5	1	9	*	2	-3	15	15	1	2	1	1	0	R	r	1	1.927	0.96	8.254474664874879	
095449	14	5	2	1	*	6	-1	5	5	1	1	1	1	0	S	s	1	2.121	0.827	8.254474664874879	
095449	14	5	3	4	/	2	6	8	2	0	1	1	0	0	F	f	1	2.065	1.013	8.254474664874879	
095449	14	5	4	7	*	6	-7	35	27	0	4	0	1	0	P	p	1	1.211	0.788	8.254474664874879	
095449	14	5	5	9	*	4	6	42	40	0	3	1	0	0	L	l	1	1.144	0.756	8.254474664874879	
095449	15	3	1	7	*	2	5	19	27	0	2	0	1	0	H	h	1	2.527	0.74	8.254474664874879	
095449	15	3	2	8	/	2	2	6	6	1	1	1	1	0	L	l	1	2.651	0.828	8.254474664874879	
095449	15	3	3	5	/	1	5	10	17	0	1	0	1	0	Q	q	1	1.943	0.773	8.254474664874879	
095449	16	7	1	6	*	9	1	55	55	1	4	1	1	0	Q	q	1	2.267	0.699	8.254474664874879	
095449	16	7	2	3	*	8	-5	19	27	0	3	0	1	0	J	b	0	2.086	0.796	8.254474664874879	
095449	16	7	3	9	*	9	-9	72	70	0	4	1	0	0	L	l	1	1.935	0.696	8.254474664874879	
095449	16	7	4	8	*	4	-9	23	26	0	3	0	1	0	P	j	0	1.277	0.614	8.254474664874879	
095449	16	7	5	2	*	6	-8	4	4	1	2	1	1	0	H	h	1	2.186	0.696	8.254474664874879	
095449	16	7	6	6	/	6	5	6	6	1	1	1	1	0	S	l	0	2.533	0.899	8.254474664874879	
095449	16	7	7	3	*	9	-9	18	14	0	3	0	1	0	K	q	0	1.146	0.86	8.254474664874879	
095449	17	4	1	2	*	3	-2	4	7	0	1	0	1	0	F	f	1	3.795	0.868	8.254474664874879	
095449	17	4	2	5	/	5	6	7	7	1	1	1	1	0	T	t	1	2.273	0.746	8.254474664874879	
095449	17	4	3	9	*	8	-3	69	69	1	4	0	0	0	K	k	1	1.016	0.654	8.254474664874879	
095449	17	4	4	2	*	8	9	25	28	0	2	1	0	0	J	j	1	0.785	0.674	8.254474664874879	
