Subject	BlockNum	BlockSize	NumInBlock	Image	SymmCorrect	SymmResp	SymmAcc	Timeout	Target	TargetResp	Acc	ViewTime	YNTime	MaxTime	
092531	SqPrac1	2	1	NA	NA	NA	NA	NA	12	12	1	NA	NA	10	
092531	SqPrac1	2	2	NA	NA	NA	NA	NA	9	9	1	NA	NA	10	
092531	SqPrac2	3	1	NA	NA	NA	NA	NA	15	15	1	NA	NA	10	
092531	SqPrac2	3	2	NA	NA	NA	NA	NA	13	13	1	NA	NA	10	
092531	SqPrac2	3	3	NA	NA	NA	NA	NA	9	9	1	NA	NA	10	
092531	Symm1	6	1	pracsymm3.bmp	symmetric	1	1	0	NA	NA	NA	2.599	0.711	10	
092531	Symm1	6	2	pracsymm10.bmp	nonsymmetric	0	1	0	NA	NA	NA	2.039	0.735	10	
092531	Symm1	6	3	pracsymm4.bmp	symmetric	1	1	0	NA	NA	NA	1.542	0.651	10	
092531	Symm1	6	4	pracsymm1.bmp	symmetric	1	1	0	NA	NA	NA	1.786	0.693	10	
092531	Symm1	6	5	pracsymm8.bmp	nonsymmetric	0	1	0	NA	NA	NA	1.335	0.693	10	
092531	Symm1	6	6	pracsymm11.bmp	nonsymmetric	1	0	0	NA	NA	NA	1.847	0.635	10	
092531	CombPrac1	2	1	pracsymm9.bmp	nonsymmetric	0	1	0	11	12	0	3.646	1.284	10	
092531	CombPrac1	2	2	pracsymm14.bmp	nonsymmetric	0	1	0	8	8	1	1.4	0.98	10	
092531	CombPrac2	3	1	pracsymm5.bmp	symmetric	1	1	0	10	10	1	1.366	0.734	10	
092531	CombPrac2	3	2	pracsymm15.bmp	nonsymmetric	0	1	0	13	13	1	2.717	0.803	10	
092531	CombPrac2	3	3	pracsymm2.bmp	symmetric	1	1	0	8	8	1	2.564	0.748	10	
092531	1	4	1	symm19.bmp	symmetric	1	1	0	1	1	1	2.114	0.749	5.0102388286591	
092531	1	4	2	symm27.bmp	nonsymmetric	0	1	0	13	13	1	1.56	0.743	5.0102388286591	
092531	1	4	3	symm28.bmp	nonsymmetric	0	1	0	5	5	1	1.241	0.742	5.0102388286591	
092531	1	4	4	symm18.bmp	symmetric	1	1	0	6	6	1	1.471	0.603	5.0102388286591	
092531	2	2	1	symm9.bmp	symmetric	1	1	0	16	16	1	0.978	0.711	5.0102388286591	
092531	2	2	2	symm21.bmp	symmetric	1	1	0	8	8	1	2.26	0.772	5.0102388286591	
092531	3	3	1	symm6.bmp	symmetric	1	1	0	13	13	1	2.18	0.765	5.0102388286591	
092531	3	3	2	symm44.bmp	nonsymmetric	0	1	0	6	6	1	0.97	0.673	5.0102388286591	
092531	3	3	3	symm40.bmp	nonsymmetric	0	1	0	5	5	1	1.99	0.765	5.0102388286591	
092531	4	5	1	symm17.bmp	symmetric	1	1	0	11	11	1	1.909	0.751	5.0102388286591	
092531	4	5	2	symm34.bmp	nonsymmetric	0	1	0	8	6	0	0.861	0.734	5.0102388286591	
092531	4	5	3	symm38.bmp	nonsymmetric	0	1	0	12	8	0	3.805	1.262	5.0102388286591	
092531	4	5	4	symm5.bmp	symmetric	1	1	0	6	12	0	1.015	0.627	5.0102388286591	
092531	4	5	5	symm47.bmp	nonsymmetric	0	1	0	16	0	0	1.807	0.624	5.0102388286591	
092531	5	2	1	symm23.bmp	symmetric	1	1	0	13	13	1	1.873	0.665	5.0102388286591	
092531	5	2	2	symm41.bmp	nonsymmetric	0	1	0	14	14	1	0.92	0.695	5.0102388286591	
092531	6	4	1	symm48.bmp	nonsymmetric	0	1	0	9	9	1	1.046	0.727	5.0102388286591	
092531	6	4	2	symm1.bmp	symmetric	1	1	0	7	7	1	1.178	0.665	5.0102388286591	
092531	6	4	3	symm29.bmp	nonsymmetric	0	1	0	2	2	1	1.306	0.763	5.0102388286591	
092531	6	4	4	symm8.bmp	symmetric	1	1	0	11	11	1	1.356	0.578	5.0102388286591	
092531	7	2	1	symm36.bmp	nonsymmetric	0	1	0	6	6	1	1.01	0.705	5.0102388286591	
092531	7	2	2	symm3.bmp	symmetric	1	1	0	9	9	1	1.085	1.027	5.0102388286591	
092531	8	5	1	symm45.bmp	nonsymmetric	0	1	0	6	6	1	1.773	0.85	5.0102388286591	
092531	8	5	2	symm10.bmp	symmetric	1	1	0	16	12	0	0.875	0.588	5.0102388286591	
092531	8	5	3	symm39.bmp	nonsymmetric	0	1	0	8	15	0	1.519	0.707	5.0102388286591	
092531	8	5	4	symm11.bmp	symmetric	1	1	0	14	9	0	1.984	0.549	5.0102388286591	
092531	8	5	5	symm13.bmp	symmetric	1	1	0	9	0	0	1.357	0.633	5.0102388286591	
092531	9	5	1	symm26.bmp	nonsymmetric	0	1	0	16	16	1	3.352	0.611	5.0102388286591	
092531	9	5	2	symm12.bmp	symmetric	1	1	0	1	1	1	1.035	0.594	5.0102388286591	
092531	9	5	3	symm35.bmp	nonsymmetric	0	1	0	7	7	1	2.264	1.028	5.0102388286591	
092531	9	5	4	symm32.bmp	nonsymmetric	0	1	0	8	8	1	1.423	0.904	5.0102388286591	
092531	9	5	5	symm43.bmp	nonsymmetric	0	1	0	5	9	0	2.123	0.718	5.0102388286591	
092531	10	3	1	symm33.bmp	nonsymmetric	0	1	0	6	6	1	1.29	0.728	5.0102388286591	
092531	10	3	2	symm46.bmp	nonsymmetric	0	1	0	10	10	1	1.191	0.674	5.0102388286591	
092531	10	3	3	symm4.bmp	symmetric	1	1	0	14	14	1	1.166	0.676	5.0102388286591	
092531	11	4	1	symm24.bmp	symmetric	1	1	0	11	11	1	1.401	0.678	5.0102388286591	
092531	11	4	2	symm2.bmp	symmetric	1	1	0	8	8	1	2.138	0.664	5.0102388286591	
092531	11	4	3	symm31.bmp	nonsymmetric	1	0	0	3	3	1	1.738	0.859	5.0102388286591	
092531	11	4	4	symm16.bmp	symmetric	1	1	0	6	6	1	1.18	0.572	5.0102388286591	
092531	12	3	1	symm22.bmp	symmetric	1	1	0	15	15	1	0.889	0.602	5.0102388286591	
092531	12	3	2	symm25.bmp	nonsymmetric	0	1	0	14	14	1	1.009	0.611	5.0102388286591	
092531	12	3	3	symm15.bmp	symmetric	1	1	0	4	4	1	1.951	0.744	5.0102388286591	
