Subject	BlockNum	BlockSize	NumInBlock	Image	SymmCorrect	SymmResp	SymmAcc	Timeout	Target	TargetResp	Acc	ViewTime	YNTime	MaxTime	
185330	SqPrac1	2	1	NA	NA	NA	NA	NA	4	4	1	NA	NA	10	
185330	SqPrac1	2	2	NA	NA	NA	NA	NA	16	16	1	NA	NA	10	
185330	SqPrac2	3	1	NA	NA	NA	NA	NA	7	7	1	NA	NA	10	
185330	SqPrac2	3	2	NA	NA	NA	NA	NA	12	12	1	NA	NA	10	
185330	SqPrac2	3	3	NA	NA	NA	NA	NA	1	1	1	NA	NA	10	
185330	Symm1	6	1	pracsymm15.bmp	nonsymmetric	0	1	0	NA	NA	NA	1.914	1.009	10	
185330	Symm1	6	2	pracsymm8.bmp	nonsymmetric	0	1	0	NA	NA	NA	1.261	0.992	10	
185330	Symm1	6	3	pracsymm2.bmp	symmetric	1	1	0	NA	NA	NA	0.983	1.845	10	
185330	Symm1	6	4	pracsymm6.bmp	symmetric	1	1	0	NA	NA	NA	1.033	0.917	10	
185330	Symm1	6	5	pracsymm10.bmp	nonsymmetric	0	1	0	NA	NA	NA	1.03	0.978	10	
185330	Symm1	6	6	pracsymm12.bmp	nonsymmetric	0	1	0	NA	NA	NA	0.794	0.788	10	
185330	CombPrac1	2	1	pracsymm13.bmp	nonsymmetric	0	1	0	2	2	1	1.244	0.853	10	
185330	CombPrac1	2	2	pracsymm11.bmp	nonsymmetric	0	1	0	15	15	1	1.133	0.854	10	
185330	CombPrac2	3	1	pracsymm14.bmp	nonsymmetric	0	1	0	11	11	1	0.772	0.915	10	
185330	CombPrac2	3	2	pracsymm3.bmp	symmetric	1	1	0	12	12	1	0.944	0.624	10	
185330	CombPrac2	3	3	pracsymm7.bmp	symmetric	1	1	0	10	10	1	0.891	0.88	10	
185330	1	5	1	symm16.bmp	symmetric	1	1	0	1	1	1	0.931	0.753	3.201420702810119	
185330	1	5	2	symm48.bmp	nonsymmetric	0	1	0	16	16	1	0.771	0.992	3.201420702810119	
185330	1	5	3	symm25.bmp	nonsymmetric	0	1	0	6	6	1	0.91	0.865	3.201420702810119	
185330	1	5	4	symm36.bmp	nonsymmetric	0	1	0	10	4	0	0.876	0.688	3.201420702810119	
185330	1	5	5	symm2.bmp	symmetric	1	1	0	4	0	0	1.569	0.852	3.201420702810119	
185330	2	2	1	symm31.bmp	nonsymmetric	0	1	0	1	1	1	0.992	1.519	3.201420702810119	
185330	2	2	2	symm4.bmp	symmetric	1	1	0	11	11	1	0.816	0.736	3.201420702810119	
185330	3	4	1	symm46.bmp	nonsymmetric	0	1	0	3	3	1	1.853	0.972	3.201420702810119	
185330	3	4	2	symm7.bmp	symmetric	1	1	0	16	16	1	0.851	0.753	3.201420702810119	
185330	3	4	3	symm10.bmp	symmetric	1	1	0	6	6	1	0.895	0.816	3.201420702810119	
185330	3	4	4	symm29.bmp	nonsymmetric	0	1	0	11	11	1	0.902	0.991	3.201420702810119	
185330	4	5	1	symm8.bmp	symmetric	1	1	0	11	11	1	0.981	1.072	3.201420702810119	
185330	4	5	2	symm28.bmp	nonsymmetric	0	1	0	13	16	0	0.795	1.176	3.201420702810119	
185330	4	5	3	symm32.bmp	nonsymmetric	0	1	0	16	13	0	1.045	0.897	3.201420702810119	
185330	4	5	4	symm45.bmp	nonsymmetric	0	1	0	15	15	1	1.018	0.896	3.201420702810119	
185330	4	5	5	symm20.bmp	symmetric	1	1	0	10	3	0	1.177	0.836	3.201420702810119	
185330	5	5	1	symm30.bmp	nonsymmetric	0	1	0	6	6	1	0.9	0.74	3.201420702810119	
185330	5	5	2	symm27.bmp	nonsymmetric	1	0	0	16	16	1	1.102	0.804	3.201420702810119	
185330	5	5	3	symm11.bmp	symmetric	1	1	0	11	11	1	1.204	0.772	3.201420702810119	
185330	5	5	4	symm15.bmp	symmetric	1	1	0	10	9	0	0.989	1.025	3.201420702810119	
185330	5	5	5	symm12.bmp	symmetric	1	1	0	9	10	0	0.945	0.72	3.201420702810119	
185330	6	4	1	symm13.bmp	symmetric	1	1	0	3	3	1	1.631	1.781	3.201420702810119	
185330	6	4	2	symm40.bmp	nonsymmetric	0	1	0	10	10	1	1.095	0.704	3.201420702810119	
185330	6	4	3	symm24.bmp	symmetric	1	1	0	8	8	1	0.979	0.945	3.201420702810119	
185330	6	4	4	symm3.bmp	symmetric	1	1	0	16	16	1	0.849	0.737	3.201420702810119	
185330	7	2	1	symm19.bmp	symmetric	1	1	0	5	5	1	0.843	0.657	3.201420702810119	
185330	7	2	2	symm37.bmp	nonsymmetric	0	1	0	16	16	1	0.876	0.864	3.201420702810119	
185330	8	4	1	symm22.bmp	symmetric	1	1	0	7	7	1	0.893	0.72	3.201420702810119	
185330	8	4	2	symm44.bmp	nonsymmetric	0	1	0	13	13	1	0.865	0.912	3.201420702810119	
185330	8	4	3	symm35.bmp	nonsymmetric	0	1	0	16	16	1	1.447	1.056	3.201420702810119	
185330	8	4	4	symm6.bmp	symmetric	1	1	0	1	1	1	0.972	1.019	3.201420702810119	
185330	9	3	1	symm47.bmp	nonsymmetric	0	1	0	8	8	1	1.025	0.647	3.201420702810119	
185330	9	3	2	symm5.bmp	symmetric	1	1	0	7	7	1	0.918	0.926	3.201420702810119	
185330	9	3	3	symm39.bmp	nonsymmetric	0	1	0	10	10	1	0.826	0.931	3.201420702810119	
185330	10	2	1	symm14.bmp	symmetric	0	0	0	9	9	1	1.443	0.915	3.201420702810119	
185330	10	2	2	symm17.bmp	symmetric	1	1	0	10	10	1	1.869	0.804	3.201420702810119	
185330	11	3	1	symm23.bmp	symmetric	1	1	0	10	10	1	1.354	0.896	3.201420702810119	
185330	11	3	2	symm18.bmp	symmetric	1	1	0	14	14	1	1.4	1.174	3.201420702810119	
185330	11	3	3	symm26.bmp	nonsymmetric	0	1	0	15	15	1	0.994	0.912	3.201420702810119	
185330	12	3	1	symm43.bmp	nonsymmetric	0	1	0	11	6	0	0.882	0.704	3.201420702810119	
185330	12	3	2	symm1.bmp	symmetric	1	1	0	13	13	1	1.174	0.849	3.201420702810119	
185330	12	3	3	symm38.bmp	nonsymmetric	0	1	0	12	12	1	1.025	0.64	3.201420702810119	
