Subject	BlockNum	BlockSize	NumInBlock	Image	SymmCorrect	SymmResp	SymmAcc	Timeout	Target	TargetResp	Acc	ViewTime	YNTime	MaxTime	
091828	SqPrac1	2	1	NA	NA	NA	NA	NA	10	10	1	NA	NA	10	
091828	SqPrac1	2	2	NA	NA	NA	NA	NA	12	12	1	NA	NA	10	
091828	SqPrac2	3	1	NA	NA	NA	NA	NA	10	10	1	NA	NA	10	
091828	SqPrac2	3	2	NA	NA	NA	NA	NA	4	4	1	NA	NA	10	
091828	SqPrac2	3	3	NA	NA	NA	NA	NA	5	5	1	NA	NA	10	
091828	Symm1	6	1	pracsymm12.bmp	nonsymmetric	0	1	0	NA	NA	NA	6.254	1.489	10	
091828	Symm1	6	2	pracsymm8.bmp	nonsymmetric	0	1	0	NA	NA	NA	1.458	0.801	10	
091828	Symm1	6	3	pracsymm11.bmp	nonsymmetric	1	0	0	NA	NA	NA	2.44	0.768	10	
091828	Symm1	6	4	pracsymm6.bmp	symmetric	1	1	0	NA	NA	NA	2.093	0.776	10	
091828	Symm1	6	5	pracsymm5.bmp	symmetric	1	1	0	NA	NA	NA	2.76	0.64	10	
091828	Symm1	6	6	pracsymm4.bmp	symmetric	1	1	0	NA	NA	NA	2.252	0.768	10	
091828	CombPrac1	2	1	pracsymm15.bmp	nonsymmetric	0	1	0	15	15	1	3.42	1.113	10	
091828	CombPrac1	2	2	pracsymm3.bmp	symmetric	1	1	0	2	1	0	2.451	2.232	10	
091828	CombPrac2	3	1	pracsymm10.bmp	nonsymmetric	0	1	0	11	11	1	1.006	1.103	10	
091828	CombPrac2	3	2	pracsymm7.bmp	symmetric	1	1	0	4	4	1	1.025	1.032	10	
091828	CombPrac2	3	3	pracsymm13.bmp	nonsymmetric	0	1	0	6	6	1	0.943	0.737	10	
091828	1	5	1	symm24.bmp	symmetric	1	1	0	3	3	1	3.315	1.2	7.743529592962895	
091828	1	5	2	symm2.bmp	symmetric	1	1	0	1	5	0	0.977	0.704	7.743529592962895	
091828	1	5	3	symm41.bmp	nonsymmetric	0	1	0	13	10	0	0.988	0.809	7.743529592962895	
091828	1	5	4	symm4.bmp	symmetric	1	1	0	5	11	0	0.108	0.744	7.743529592962895	
091828	1	5	5	symm15.bmp	symmetric	1	1	0	12	16	0	0.908	1.032	7.743529592962895	
091828	2	4	1	symm42.bmp	nonsymmetric	0	1	0	3	3	1	0.977	0.847	7.743529592962895	
091828	2	4	2	symm20.bmp	symmetric	1	1	0	8	8	1	0.824	0.665	7.743529592962895	
091828	2	4	3	symm23.bmp	symmetric	0	0	0	9	5	0	0.702	1.264	7.743529592962895	
091828	2	4	4	symm21.bmp	symmetric	1	1	0	11	11	1	1.03	0.799	7.743529592962895	
091828	3	2	1	symm3.bmp	symmetric	1	1	0	15	11	0	0.996	1.096	7.743529592962895	
091828	3	2	2	symm11.bmp	symmetric	1	1	0	10	10	1	0.861	0.664	7.743529592962895	
091828	4	2	1	symm25.bmp	nonsymmetric	0	1	0	10	10	1	0.901	0.729	7.743529592962895	
091828	4	2	2	symm22.bmp	symmetric	1	1	0	9	9	1	0.779	0.712	7.743529592962895	
091828	5	3	1	symm46.bmp	nonsymmetric	0	1	0	7	3	0	0.786	0.968	7.743529592962895	
091828	5	3	2	symm48.bmp	nonsymmetric	0	1	0	2	7	0	0.738	0.584	7.743529592962895	
091828	5	3	3	symm40.bmp	nonsymmetric	0	1	0	9	9	1	1.137	0.68	7.743529592962895	
091828	6	2	1	symm17.bmp	symmetric	1	1	0	1	3	0	4.226	1.023	7.743529592962895	
091828	6	2	2	symm18.bmp	symmetric	1	1	0	13	13	1	7.574	0.864	7.743529592962895	
091828	7	5	1	symm35.bmp	nonsymmetric	0	1	0	13	6	0	1.25	0.792	7.743529592962895	
091828	7	5	2	symm44.bmp	nonsymmetric	0	1	0	6	7	0	1.025	0.777	7.743529592962895	
091828	7	5	3	symm7.bmp	symmetric	1	1	0	10	11	0	1.325	0.576	7.743529592962895	
091828	7	5	4	symm13.bmp	symmetric	1	1	0	14	13	0	1.738	0.647	7.743529592962895	
091828	7	5	5	symm45.bmp	nonsymmetric	0	1	0	16	9	0	0.9	0.785	7.743529592962895	
091828	8	5	1	symm38.bmp	nonsymmetric	0	1	0	2	3	0	0.863	1.079	7.743529592962895	
091828	8	5	2	symm8.bmp	symmetric	1	1	0	13	5	0	0.936	0.928	7.743529592962895	
091828	8	5	3	symm29.bmp	nonsymmetric	0	1	0	7	4	0	1.024	0.688	7.743529592962895	
091828	8	5	4	symm43.bmp	nonsymmetric	0	1	0	3	10	0	0.907	0.591	7.743529592962895	
091828	8	5	5	symm36.bmp	nonsymmetric	0	1	0	4	13	0	0.843	0.625	7.743529592962895	
091828	9	4	1	symm34.bmp	nonsymmetric	0	1	0	4	4	1	0.758	0.712	7.743529592962895	
091828	9	4	2	symm10.bmp	symmetric	1	1	0	5	5	1	0.698	0.808	7.743529592962895	
091828	9	4	3	symm19.bmp	symmetric	1	1	0	6	9	0	1.389	0.703	7.743529592962895	
091828	9	4	4	symm9.bmp	symmetric	1	1	0	13	10	0	0.708	0.695	7.743529592962895	
091828	10	3	1	symm6.bmp	symmetric	0	0	0	3	3	1	0.696	1.047	7.743529592962895	
091828	10	3	2	symm32.bmp	nonsymmetric	0	1	0	12	4	0	2.289	0.663	7.743529592962895	
091828	10	3	3	symm33.bmp	nonsymmetric	0	1	0	15	9	0	0.74	0.64	7.743529592962895	
091828	11	3	1	symm47.bmp	nonsymmetric	0	1	0	7	4	0	0.663	0.626	7.743529592962895	
091828	11	3	2	symm5.bmp	symmetric	1	1	0	4	11	0	1.214	0.679	7.743529592962895	
091828	11	3	3	symm30.bmp	nonsymmetric	0	1	0	11	13	0	1.624	0.752	7.743529592962895	
091828	12	4	1	symm39.bmp	nonsymmetric	0	1	0	7	3	0	0.771	0.625	7.743529592962895	
091828	12	4	2	symm27.bmp	nonsymmetric	0	1	0	10	2	0	0.76	0.616	7.743529592962895	
091828	12	4	3	symm31.bmp	nonsymmetric	0	1	0	4	9	0	1.233	0.729	7.743529592962895	
091828	12	4	4	symm1.bmp	symmetric	1	1	0	2	11	0	2.409	0.824	7.743529592962895	
