Subject	BlockNum	BlockSize	NumInBlock	Image	SymmCorrect	SymmResp	SymmAcc	Timeout	Target	TargetResp	Acc	ViewTime	YNTime	MaxTime	
153716	SqPrac1	2	1	NA	NA	NA	NA	NA	2	2	1	NA	NA	10	
153716	SqPrac1	2	2	NA	NA	NA	NA	NA	10	10	1	NA	NA	10	
153716	SqPrac2	3	1	NA	NA	NA	NA	NA	2	2	1	NA	NA	10	
153716	SqPrac2	3	2	NA	NA	NA	NA	NA	6	6	1	NA	NA	10	
153716	SqPrac2	3	3	NA	NA	NA	NA	NA	5	5	1	NA	NA	10	
153716	Symm1	6	1	pracsymm12.bmp	nonsymmetric	1	0	0	NA	NA	NA	8.779	1.017	10	
153716	Symm1	6	2	pracsymm13.bmp	nonsymmetric	NA	0	1	NA	NA	NA	10	0	10	
153716	Symm1	6	3	pracsymm6.bmp	symmetric	1	1	0	NA	NA	NA	3.469	1.124	10	
153716	Symm1	6	4	pracsymm14.bmp	nonsymmetric	0	1	0	NA	NA	NA	1.268	0.97	10	
153716	Symm1	6	5	pracsymm10.bmp	nonsymmetric	0	1	0	NA	NA	NA	1.112	0.774	10	
153716	Symm1	6	6	pracsymm15.bmp	nonsymmetric	0	1	0	NA	NA	NA	1.177	0.864	10	
153716	CombPrac1	2	1	pracsymm3.bmp	symmetric	1	1	0	6	6	1	2.105	1.494	10	
153716	CombPrac1	2	2	pracsymm9.bmp	nonsymmetric	0	1	0	15	11	0	2.608	0.712	10	
153716	CombPrac2	3	1	pracsymm4.bmp	symmetric	1	1	0	1	1	1	1.294	0.869	10	
153716	CombPrac2	3	2	pracsymm1.bmp	symmetric	1	1	0	11	11	1	2.143	0.694	10	
153716	CombPrac2	3	3	pracsymm11.bmp	nonsymmetric	0	1	0	8	8	1	3.95	0.894	10	
153716	1	4	1	symm23.bmp	symmetric	1	1	0	8	4	0	1.304	0.643	11.65082410653202	
153716	1	4	2	symm21.bmp	symmetric	1	1	0	16	12	0	1.933	0.786	11.65082410653202	
153716	1	4	3	symm13.bmp	symmetric	1	1	0	15	11	0	3.241	0.659	11.65082410653202	
153716	1	4	4	symm6.bmp	symmetric	1	1	0	4	8	0	2.553	0.785	11.65082410653202	
153716	2	2	1	symm16.bmp	symmetric	1	1	0	2	2	1	1.546	0.723	11.65082410653202	
153716	2	2	2	symm1.bmp	symmetric	1	1	0	14	14	1	0.732	0.659	11.65082410653202	
153716	3	2	1	symm27.bmp	nonsymmetric	0	1	0	12	7	0	3.319	0.901	11.65082410653202	
153716	3	2	2	symm47.bmp	nonsymmetric	0	1	0	7	7	1	2.576	1.159	11.65082410653202	
153716	4	5	1	symm3.bmp	symmetric	1	1	0	6	2	0	1.574	0.649	11.65082410653202	
153716	4	5	2	symm39.bmp	nonsymmetric	0	1	0	2	4	0	2.365	1.251	11.65082410653202	
153716	4	5	3	symm10.bmp	symmetric	1	1	0	4	6	0	1.057	0.672	11.65082410653202	
153716	4	5	4	symm31.bmp	nonsymmetric	1	0	0	12	8	0	1.083	0.596	11.65082410653202	
153716	4	5	5	symm37.bmp	nonsymmetric	0	1	0	10	10	1	0.637	1.112	11.65082410653202	
153716	5	2	1	symm24.bmp	symmetric	1	1	0	2	2	1	1.282	0.949	11.65082410653202	
153716	5	2	2	symm8.bmp	symmetric	1	1	0	10	10	1	0.877	0.652	11.65082410653202	
153716	6	3	1	symm22.bmp	symmetric	1	1	0	10	10	1	1.059	0.634	11.65082410653202	
153716	6	3	2	symm33.bmp	nonsymmetric	0	1	0	15	15	1	2.316	0.696	11.65082410653202	
153716	6	3	3	symm5.bmp	symmetric	1	1	0	14	15	0	2.461	0.638	11.65082410653202	
153716	7	3	1	symm48.bmp	nonsymmetric	0	1	0	2	2	1	0.529	1.391	11.65082410653202	
153716	7	3	2	symm17.bmp	symmetric	1	1	0	4	4	1	1.467	1.274	11.65082410653202	
153716	7	3	3	symm15.bmp	symmetric	1	1	0	1	1	1	1.212	0.614	11.65082410653202	
153716	8	4	1	symm34.bmp	nonsymmetric	1	0	0	7	3	0	0.831	1.105	11.65082410653202	
153716	8	4	2	symm12.bmp	symmetric	1	1	0	11	7	0	1.573	0.664	11.65082410653202	
153716	8	4	3	symm46.bmp	nonsymmetric	0	1	0	3	2	0	2.438	0.986	11.65082410653202	
153716	8	4	4	symm20.bmp	symmetric	1	1	0	10	11	0	1.128	0.68	11.65082410653202	
153716	9	4	1	symm26.bmp	nonsymmetric	0	1	0	7	7	1	1.33	0.65	11.65082410653202	
153716	9	4	2	symm7.bmp	symmetric	1	1	0	11	11	1	0.58	0.98	11.65082410653202	
153716	9	4	3	symm45.bmp	nonsymmetric	0	1	0	15	15	1	0.754	0.806	11.65082410653202	
153716	9	4	4	symm40.bmp	nonsymmetric	1	0	0	10	10	1	1.062	0.674	11.65082410653202	
153716	10	5	1	symm32.bmp	nonsymmetric	0	1	0	5	5	1	1.019	0.646	11.65082410653202	
153716	10	5	2	symm28.bmp	nonsymmetric	0	1	0	6	6	1	1.373	1.145	11.65082410653202	
153716	10	5	3	symm35.bmp	nonsymmetric	0	1	0	3	3	1	2.06	0.708	11.65082410653202	
153716	10	5	4	symm18.bmp	symmetric	1	1	0	11	11	1	3.521	0.689	11.65082410653202	
153716	10	5	5	symm30.bmp	nonsymmetric	0	1	0	12	16	0	2.307	1.525	11.65082410653202	
153716	11	3	1	symm25.bmp	nonsymmetric	0	1	0	4	4	1	1.765	0.673	11.65082410653202	
153716	11	3	2	symm14.bmp	symmetric	1	1	0	2	2	1	1.386	0.653	11.65082410653202	
153716	11	3	3	symm43.bmp	nonsymmetric	0	1	0	9	9	1	1.057	0.721	11.65082410653202	
153716	12	5	1	symm42.bmp	nonsymmetric	0	1	0	11	2	0	0.882	0.756	11.65082410653202	
153716	12	5	2	symm2.bmp	symmetric	1	1	0	14	6	0	2.12	0.833	11.65082410653202	
153716	12	5	3	symm29.bmp	nonsymmetric	0	1	0	8	9	0	1.05	0.768	11.65082410653202	
153716	12	5	4	symm4.bmp	symmetric	0	0	0	6	10	0	3.213	0.572	11.65082410653202	
153716	12	5	5	symm44.bmp	nonsymmetric	0	1	0	7	0	0	0.001	0.871	11.65082410653202	
