Subject	BlockNum	BlockSize	NumInBlock	Image	SymmCorrect	SymmResp	SymmAcc	Timeout	Target	TargetResp	Acc	ViewTime	YNTime	MaxTime	
102536	SqPrac1	2	1	NA	NA	NA	NA	NA	12	12	1	NA	NA	10	
102536	SqPrac1	2	2	NA	NA	NA	NA	NA	1	1	1	NA	NA	10	
102536	SqPrac2	3	1	NA	NA	NA	NA	NA	10	10	1	NA	NA	10	
102536	SqPrac2	3	2	NA	NA	NA	NA	NA	5	5	1	NA	NA	10	
102536	SqPrac2	3	3	NA	NA	NA	NA	NA	6	6	1	NA	NA	10	
102536	Symm1	6	1	pracsymm7.bmp	symmetric	1	1	0	NA	NA	NA	2.32	1.03	10	
102536	Symm1	6	2	pracsymm13.bmp	nonsymmetric	0	1	0	NA	NA	NA	1.39	1.16	10	
102536	Symm1	6	3	pracsymm11.bmp	nonsymmetric	0	1	0	NA	NA	NA	1.4	1.19	10	
102536	Symm1	6	4	pracsymm14.bmp	nonsymmetric	0	1	0	NA	NA	NA	1.26	1.04	10	
102536	Symm1	6	5	pracsymm10.bmp	nonsymmetric	1	0	0	NA	NA	NA	1.54	1.16	10	
102536	Symm1	6	6	pracsymm2.bmp	symmetric	1	1	0	NA	NA	NA	0.95	0.96	10	
102536	CombPrac1	2	1	pracsymm15.bmp	nonsymmetric	1	0	0	12	12	1	0.94	1.33	10	
102536	CombPrac1	2	2	pracsymm6.bmp	symmetric	1	1	0	7	7	1	1.76	0.88	10	
102536	CombPrac2	3	1	pracsymm5.bmp	symmetric	1	1	0	9	11	0	1.12	0.93	10	
102536	CombPrac2	3	2	pracsymm12.bmp	nonsymmetric	0	1	0	4	9	0	1.08	1.03	10	
102536	CombPrac2	3	3	pracsymm4.bmp	symmetric	1	1	0	11	3	0	1.26	1	10	
102536	1	5	1	symm2.bmp	symmetric	1	1	0	1	14	0	2.32	1.1	3.4274968671629997	
102536	1	5	2	symm26.bmp	nonsymmetric	0	1	0	11	0	0	1.93	1.17	3.4274968671629997	
102536	1	5	3	symm15.bmp	symmetric	1	1	0	4	0	0	1.24	1.01	3.4274968671629997	
102536	1	5	4	symm36.bmp	nonsymmetric	0	1	0	8	0	0	0.87	0.99	3.4274968671629997	
102536	1	5	5	symm43.bmp	nonsymmetric	0	1	0	14	0	0	0.89	2.64	3.4274968671629997	
102536	2	2	1	symm8.bmp	symmetric	1	1	0	2	3	0	1.3	0.97	3.4274968671629997	
102536	2	2	2	symm48.bmp	nonsymmetric	0	1	0	3	0	0	1.76	1.28	3.4274968671629997	
102536	3	3	1	symm32.bmp	nonsymmetric	0	1	0	8	12	0	1.97	1.11	3.4274968671629997	
102536	3	3	2	symm44.bmp	nonsymmetric	0	1	0	2	0	0	1.73	1.03	3.4274968671629997	
102536	3	3	3	symm16.bmp	symmetric	1	1	0	12	0	0	1.34	1	3.4274968671629997	
102536	4	5	1	symm30.bmp	nonsymmetric	0	1	0	5	12	0	0.71	0.98	3.4274968671629997	
102536	4	5	2	symm4.bmp	symmetric	1	1	0	15	0	0	1.59	1.02	3.4274968671629997	
102536	4	5	3	symm29.bmp	nonsymmetric	0	1	0	11	0	0	0.72	1.67	3.4274968671629997	
102536	4	5	4	symm19.bmp	symmetric	1	1	0	6	0	0	0.83	0.88	3.4274968671629997	
102536	4	5	5	symm7.bmp	symmetric	1	1	0	12	0	0	0.81	1.25	3.4274968671629997	
102536	5	4	1	symm9.bmp	symmetric	1	1	0	7	12	0	1.24	1.07	3.4274968671629997	
102536	5	4	2	symm28.bmp	nonsymmetric	0	1	0	13	13	1	0.86	1.1	3.4274968671629997	
102536	5	4	3	symm22.bmp	symmetric	1	1	0	9	0	0	0.65	0.93	3.4274968671629997	
102536	5	4	4	symm31.bmp	nonsymmetric	0	1	0	12	0	0	0.81	1.52	3.4274968671629997	
102536	6	2	1	symm37.bmp	nonsymmetric	0	1	0	14	8	0	2.11	1.05	3.4274968671629997	
102536	6	2	2	symm17.bmp	symmetric	1	1	0	8	0	0	1.68	1.02	3.4274968671629997	
102536	7	3	1	symm3.bmp	symmetric	1	1	0	6	8	0	1.88	0.97	3.4274968671629997	
102536	7	3	2	symm1.bmp	symmetric	1	1	0	8	2	0	1.02	0.85	3.4274968671629997	
102536	7	3	3	symm6.bmp	symmetric	1	1	0	2	0	0	1.37	1.38	3.4274968671629997	
102536	8	4	1	symm45.bmp	nonsymmetric	0	1	0	7	12	0	1.42	1.13	3.4274968671629997	
102536	8	4	2	symm40.bmp	nonsymmetric	0	1	0	16	2	0	1.32	0.96	3.4274968671629997	
102536	8	4	3	symm47.bmp	nonsymmetric	0	1	0	1	0	0	0.79	1.35	3.4274968671629997	
102536	8	4	4	symm34.bmp	nonsymmetric	0	1	0	12	0	0	0.15	2.08	3.4274968671629997	
102536	9	3	1	symm42.bmp	nonsymmetric	0	1	0	7	8	0	1.79	0.98	3.4274968671629997	
102536	9	3	2	symm10.bmp	symmetric	1	1	0	1	2	0	1.14	0.85	3.4274968671629997	
102536	9	3	3	symm13.bmp	symmetric	1	1	0	9	0	0	1.07	1.58	3.4274968671629997	
102536	10	4	1	symm24.bmp	symmetric	1	1	0	4	4	1	2.16	0.84	3.4274968671629997	
102536	10	4	2	symm25.bmp	nonsymmetric	0	1	0	13	13	1	0.9	1.04	3.4274968671629997	
102536	10	4	3	symm46.bmp	nonsymmetric	0	1	0	5	0	0	0.9	0.99	3.4274968671629997	
102536	10	4	4	symm11.bmp	symmetric	1	1	0	14	0	0	1.03	0.91	3.4274968671629997	
102536	11	2	1	symm14.bmp	symmetric	1	1	0	16	14	0	1.79	1.03	3.4274968671629997	
102536	11	2	2	symm23.bmp	symmetric	1	1	0	14	12	0	0.98	1.65	3.4274968671629997	
102536	12	5	1	symm33.bmp	nonsymmetric	0	1	0	3	13	0	2.77	1	3.4274968671629997	
102536	12	5	2	symm27.bmp	nonsymmetric	0	1	0	9	10	0	1.17	1.39	3.4274968671629997	
102536	12	5	3	symm38.bmp	nonsymmetric	0	1	0	8	1	0	0.74	1.62	3.4274968671629997	
102536	12	5	4	symm35.bmp	nonsymmetric	0	1	0	13	12	0	1.28	1.04	3.4274968671629997	
102536	12	5	5	symm5.bmp	symmetric	1	1	0	11	0	0	1.84	1.61	3.4274968671629997	
