SUBJNO	BLOCKNUM	BLOCKSIZE	NUMINBLOCK	TERM1	OP	TERM2	TERM3	ANSWER	PROBE	PROBETYPE	DIFFIC	MATHRESP	MATHACC	TIMEOUT	TBRLETTER	TYPED	RECALLED	MATHTIME	TFTIME	MAXTIME	
113636	Cal	15	1	7	*	7	-7	42	42	1	4	0	0	0	-	NA	-1	6.214	1.368	10	
113636	Cal	15	2	6	/	2	1	4	8	0	1	0	1	0	-	NA	-1	4.629	1.168	10	
113636	Cal	15	3	7	*	9	1	64	65	0	4	0	1	0	-	NA	-1	6.853	0.926	10	
113636	Cal	15	4	1	*	2	4	6	6	1	1	NA	0	1	-	NA	-1	10	0	10	
113636	Cal	15	5	9	/	1	9	18	17	0	1	0	1	0	-	NA	-1	3.703	0.935	10	
113636	Cal	15	6	1	*	4	-3	1	1	1	1	1	1	0	-	NA	-1	3.831	1.146	10	
113636	Cal	15	7	4	*	6	-9	15	15	1	3	0	0	0	-	NA	-1	5.254	1.276	10	
113636	Cal	15	8	6	*	8	-6	42	50	0	4	0	1	0	-	NA	-1	6.304	1.274	10	
113636	Cal	15	9	5	*	9	8	53	59	0	4	0	1	0	-	NA	-1	6.467	1.515	10	
113636	Cal	15	10	9	/	9	2	3	3	1	1	1	1	0	-	NA	-1	3.469	1.041	10	
113636	Cal	15	11	4	*	9	3	39	43	0	3	0	1	0	-	NA	-1	3.191	0.987	10	
113636	Cal	15	12	3	*	5	-4	11	11	1	2	1	1	0	-	NA	-1	2.128	1.099	10	
113636	Cal	15	13	8	/	4	2	4	4	1	1	1	1	0	-	NA	-1	2.345	1.282	10	
113636	Cal	15	14	5	*	8	4	44	48	0	4	0	1	0	-	NA	-1	4.878	1.016	10	
113636	Cal	15	15	6	*	7	7	49	49	1	4	0	0	0	-	NA	-1	4.157	0.838	10	
113636	Prac1	2	1	6	/	3	2	4	7	0	1	0	1	0	F	f	1	2.101	1.222	10.73189246861234	
113636	Prac1	2	2	7	*	5	3	38	38	1	3	1	1	0	Y	y	1	2.788	1.16	10.73189246861234	
113636	Prac2	3	1	2	*	7	-4	10	8	0	2	0	1	0	Q	q	1	2.397	0.984	10.73189246861234	
113636	Prac2	3	2	2	*	9	-7	11	15	0	2	0	1	0	S	f	0	3.86	1.065	10.73189246861234	
113636	Prac2	3	3	8	*	7	8	64	64	1	4	0	0	0	P	p	1	5.038	1.069	10.73189246861234	
113636	3	6	1	1	*	5	9	14	14	1	1	1	1	0	Y	y	1	3.092	1.37	10.73189246861234	
113636	3	6	2	4	*	3	-9	3	9	0	2	0	1	0	L	l	1	2.359	1.56	10.73189246861234	
113636	3	6	3	7	/	7	5	6	6	1	1	1	1	0	J	j	1	2.877	0.808	10.73189246861234	
113636	3	6	4	1	*	9	5	14	14	1	1	1	1	0	K	k	1	2.127	0.89	10.73189246861234	
113636	3	6	5	4	/	4	9	10	18	0	1	0	1	0	N	n	1	1.941	0.907	10.73189246861234	
113636	3	6	6	7	*	4	9	37	29	0	3	0	1	0	H	h	1	4.644	1.06	10.73189246861234	
113636	4	4	1	1	/	1	8	9	9	1	1	1	1	0	J	j	1	2.458	0.956	10.73189246861234	
113636	4	4	2	2	/	1	4	6	13	0	1	0	1	0	R	r	1	3.178	1.322	10.73189246861234	
113636	4	4	3	3	/	1	7	10	10	1	1	0	0	0	Q	q	1	2.613	1.369	10.73189246861234	
113636	4	4	4	2	*	5	-4	6	9	0	2	0	1	0	T	t	1	1.689	1.592	10.73189246861234	
113636	5	3	1	8	*	6	2	50	50	1	4	1	1	0	K	k	1	4.931	1.487	10.73189246861234	
113636	5	3	2	1	*	8	-5	3	7	0	1	0	1	0	F	f	1	3.001	0.897	10.73189246861234	
113636	5	3	3	7	*	8	7	63	68	0	4	0	1	0	L	l	1	2.087	1.211	10.73189246861234	
113636	6	5	1	3	*	7	-6	15	15	1	3	1	1	0	H	p	0	1.594	1.516	10.73189246861234	
113636	6	5	2	8	/	8	7	8	1	0	1	0	1	0	T	t	1	1.932	0.995	10.73189246861234	
113636	6	5	3	9	*	5	-5	40	41	0	4	0	1	0	L	l	1	2.951	1.145	10.73189246861234	
113636	6	5	4	8	*	9	-3	69	63	0	4	0	1	0	Y	y	1	4.031	1.565	10.73189246861234	
113636	6	5	5	4	*	5	-9	11	11	1	3	1	1	0	K	k	1	2.512	1.004	10.73189246861234	
113636	7	7	1	5	*	7	1	36	36	1	3	1	1	0	K	k	1	2.03	0.763	10.73189246861234	
113636	7	7	2	4	*	4	3	19	19	1	2	1	1	0	L	j	0	4.411	0.819	10.73189246861234	
113636	7	7	3	3	/	3	6	7	7	1	1	1	1	0	J	l	0	1.567	0.697	10.73189246861234	
113636	7	7	4	2	*	4	-4	4	5	0	1	0	1	0	P	p	1	1.969	1.343	10.73189246861234	
113636	7	7	5	3	*	6	9	27	27	1	2	0	0	0	F	f	1	3.214	2.594	10.73189246861234	
113636	7	7	6	9	*	7	1	64	72	0	4	0	1	0	Q	q	1	4.957	1.236	10.73189246861234	
113636	7	7	7	8	/	1	3	11	9	0	1	0	1	0	T	t	1	3.676	0.939	10.73189246861234	
113636	8	5	1	3	*	3	-7	2	2	1	1	1	1	0	F	f	1	2.613	0.927	10.73189246861234	
113636	8	5	2	6	*	5	6	36	36	1	3	1	1	0	S	s	1	2.219	0.809	10.73189246861234	
113636	8	5	3	7	*	3	-5	16	16	1	3	1	1	0	H	h	1	1.925	0.903	10.73189246861234	
113636	8	5	4	1	*	7	8	15	11	0	1	0	1	0	L	l	1	1.739	1.093	10.73189246861234	
113636	8	5	5	9	*	3	3	30	29	0	3	0	1	0	R	r	1	4.238	1.043	10.73189246861234	
113636	9	4	1	8	*	3	-4	20	20	1	3	1	1	0	F	f	1	2.022	0.84	10.73189246861234	
113636	9	4	2	9	*	6	-1	53	48	0	4	0	1	0	N	n	1	4.759	1.035	10.73189246861234	
113636	9	4	3	6	*	2	5	17	22	0	2	0	1	0	H	h	1	5.553	1.261	10.73189246861234	
113636	9	4	4	8	*	5	7	47	47	1	4	0	0	0	S	s	1	3.158	1.388	10.73189246861234	
113636	10	3	1	3	*	4	6	18	11	0	2	0	1	0	T	t	1	3.46	1.64	10.73189246861234	
113636	10	3	2	9	/	3	4	7	7	1	1	1	1	0	L	l	1	2.362	1.018	10.73189246861234	
113636	10	3	3	6	*	4	9	33	42	0	3	0	1	0	Q	q	1	1.774	1.002	10.73189246861234	
113636	11	6	1	4	*	7	-5	23	23	1	3	1	1	0	T	t	1	4.631	1.132	10.73189246861234	
113636	11	6	2	7	/	1	-2	5	10	0	1	0	1	0	N	n	1	2.172	0.959	10.73189246861234	
113636	11	6	3	5	*	3	-7	8	10	0	2	0	1	0	Y	y	1	3.096	1.052	10.73189246861234	
113636	11	6	4	8	*	8	9	73	69	0	4	0	1	0	R	r	1	2.877	0.989	10.73189246861234	
113636	11	6	5	6	*	3	8	26	26	1	2	1	1	0	F	f	1	2.595	1.487	10.73189246861234	
113636	11	6	6	5	*	5	6	31	31	1	3	1	1	0	J	j	1	1.752	0.947	10.73189246861234	
113636	12	7	1	5	*	6	-2	28	37	0	3	0	1	0	K	k	1	2.691	1.079	10.73189246861234	
113636	12	7	2	6	/	1	9	15	15	1	1	1	1	0	J	j	1	2.614	0.801	10.73189246861234	
113636	12	7	3	3	*	2	-3	3	3	1	1	1	1	0	S	f	0	3.089	1.051	10.73189246861234	
113636	12	7	4	5	*	4	-4	16	16	1	3	1	1	0	F	r	0	2.362	1.402	10.73189246861234	
113636	12	7	5	8	*	2	7	23	23	1	2	0	0	0	R	s	0	2.847	2.201	10.73189246861234	
113636	12	7	6	4	/	1	4	8	7	0	1	0	1	0	Q	q	1	3.8	1.396	10.73189246861234	
113636	12	7	7	6	*	6	9	45	46	0	3	0	1	0	Y	n	0	2.204	1.46	10.73189246861234	
113636	13	6	1	4	*	8	5	37	37	1	3	0	0	0	J	j	1	1.991	1.225	10.73189246861234	
113636	13	6	2	1	*	3	8	11	11	1	1	1	1	0	S	s	1	2.514	0.767	10.73189246861234	
113636	13	6	3	2	/	2	8	9	15	0	1	0	1	0	Q	q	1	2.435	0.939	10.73189246861234	
113636	13	6	4	2	*	2	3	7	14	0	1	0	1	0	H	h	1	3.629	1.169	10.73189246861234	
113636	13	6	5	5	*	2	4	14	23	0	2	0	1	0	L	l	1	2.244	0.923	10.73189246861234	
113636	13	6	6	4	*	2	5	13	13	1	1	1	1	0	K	k	1	2.823	0.961	10.73189246861234	
113636	14	5	1	9	*	2	6	24	24	1	2	0	0	0	Y	y	1	2.055	2.945	10.73189246861234	
113636	14	5	2	1	*	6	-1	5	6	0	1	0	1	0	F	f	1	4.891	1.052	10.73189246861234	
113636	14	5	3	4	/	2	3	5	3	0	1	0	1	0	J	j	1	2.442	0.972	10.73189246861234	
113636	14	5	4	7	*	6	-6	36	44	0	4	0	1	0	H	h	1	5.169	1.045	10.73189246861234	
113636	14	5	5	9	*	4	-4	32	32	1	3	0	0	0	S	s	1	6.351	1.055	10.73189246861234	
113636	15	3	1	7	*	2	1	15	15	1	2	1	1	0	J	j	1	1.592	0.775	10.73189246861234	
113636	15	3	2	8	/	2	7	11	18	0	1	0	1	0	S	s	1	3.127	0.879	10.73189246861234	
113636	15	3	3	5	/	1	5	10	15	0	1	0	1	0	K	k	1	2.158	0.777	10.73189246861234	
113636	16	7	1	6	*	9	-7	47	51	0	4	0	1	0	S	s	1	2.686	0.993	10.73189246861234	
113636	16	7	2	3	*	8	-8	16	16	1	3	1	1	0	Y	f	0	7.133	1.024	10.73189246861234	
113636	16	7	3	9	*	9	-9	72	72	1	4	0	0	0	H	j	0	8.21	2.227	10.73189246861234	
113636	16	7	4	8	*	4	-5	27	36	0	3	0	1	0	F	r	0	3.62	1.192	10.73189246861234	
113636	16	7	5	2	*	6	-5	7	7	1	2	1	1	0	R	y	0	3.541	2.311	10.73189246861234	
113636	16	7	6	6	/	6	1	2	2	1	1	1	1	0	J	a	0	3.002	1.554	10.73189246861234	
113636	16	7	7	3	*	9	-1	26	29	0	3	0	1	0	P	p	1	5.467	1.036	10.73189246861234	
113636	17	4	1	2	*	3	1	7	15	0	1	0	1	0	R	r	1	3.437	1.129	10.73189246861234	
113636	17	4	2	5	/	5	8	9	9	1	1	1	1	0	J	j	1	2.627	1.684	10.73189246861234	
113636	17	4	3	9	*	8	-1	71	73	0	4	1	0	0	T	t	1	2.812	0.841	10.73189246861234	
113636	17	4	4	2	*	8	5	21	21	1	2	1	1	0	F	f	1	4.104	1.043	10.73189246861234	
