SUBJNO	BLOCKNUM	BLOCKSIZE	NUMINBLOCK	TERM1	OP	TERM2	TERM3	ANSWER	PROBE	PROBETYPE	DIFFIC	MATHRESP	MATHACC	TIMEOUT	TBRLETTER	TYPED	RECALLED	MATHTIME	TFTIME	MAXTIME	
112400	Cal	15	1	7	*	7	3	52	43	0	4	0	1	0	-	NA	-1	2.12	1.712	10	
112400	Cal	15	2	6	/	2	2	5	5	1	1	1	1	0	-	NA	-1	2.63	1.361	10	
112400	Cal	15	3	7	*	9	1	64	64	1	4	1	1	0	-	NA	-1	1.782	1.008	10	
112400	Cal	15	4	1	*	2	-1	1	1	1	1	1	1	0	-	NA	-1	2.127	1.024	10	
112400	Cal	15	5	9	/	1	1	10	9	0	1	0	1	0	-	NA	-1	1.519	1.089	10	
112400	Cal	15	6	1	*	4	5	9	9	1	1	1	1	0	-	NA	-1	1.086	2	10	
112400	Cal	15	7	4	*	6	1	25	25	1	3	1	1	0	-	NA	-1	1.049	1.048	10	
112400	Cal	15	8	6	*	8	3	51	57	0	4	0	1	0	-	NA	-1	1.132	1.2	10	
112400	Cal	15	9	5	*	9	4	49	49	1	4	1	1	0	-	NA	-1	1.032	1.448	10	
112400	Cal	15	10	9	/	9	4	5	11	0	1	0	1	0	-	NA	-1	0.995	1.337	10	
112400	Cal	15	11	4	*	9	2	38	38	1	3	1	1	0	-	NA	-1	2.246	0.912	10	
112400	Cal	15	12	3	*	5	-3	12	14	0	2	0	1	0	-	NA	-1	2.311	1.12	10	
112400	Cal	15	13	8	/	4	-1	1	1	1	1	1	1	0	-	NA	-1	2.469	1.216	10	
112400	Cal	15	14	5	*	8	2	42	41	0	4	0	1	0	-	NA	-1	1.824	1.945	10	
112400	Cal	15	15	6	*	7	-4	38	37	0	4	0	1	0	-	NA	-1	2.104	1.408	10	
112400	Prac1	2	1	6	/	3	-1	1	1	1	1	0	0	0	L	l	1	1.899	1.784	4.623130250711931	
112400	Prac1	2	2	7	*	5	4	39	45	0	3	0	1	0	F	f	1	1.76	1.136	4.623130250711931	
112400	Prac2	3	1	2	*	7	2	16	17	0	2	0	1	0	Y	y	1	1.255	1.288	4.623130250711931	
112400	Prac2	3	2	2	*	9	-1	17	17	1	2	1	1	0	H	h	1	2.431	1.225	4.623130250711931	
112400	Prac2	3	3	8	*	7	-3	53	53	1	4	1	1	0	N	n	1	2.035	1.889	4.623130250711931	
112400	3	6	1	1	*	5	-1	4	13	0	1	0	1	0	T	t	1	1.357	3.088	4.623130250711931	
112400	3	6	2	4	*	3	4	16	16	1	2	1	1	0	N	n	1	1.259	0.968	4.623130250711931	
112400	3	6	3	7	/	7	8	9	9	1	1	1	1	0	L	l	1	1.842	1.001	4.623130250711931	
112400	3	6	4	1	*	9	-6	3	7	0	1	0	1	0	K	p	0	0.895	2.113	4.623130250711931	
112400	3	6	5	4	/	4	2	3	6	0	1	0	1	0	P	h	0	1.134	2.392	4.623130250711931	
112400	3	6	6	7	*	4	-9	19	19	1	3	0	0	0	H	k	0	2.497	1.64	4.623130250711931	
112400	4	4	1	1	/	1	4	5	6	0	1	0	1	0	Y	y	1	2.016	1.176	4.623130250711931	
112400	4	4	2	2	/	1	8	10	10	1	1	1	1	0	S	n	0	3.384	0.929	4.623130250711931	
112400	4	4	3	3	/	1	2	5	5	1	1	1	1	0	R	s	0	2.155	0.992	4.623130250711931	
112400	4	4	4	2	*	5	-5	5	2	0	2	0	1	0	P	p	1	1.829	1.52	4.623130250711931	
112400	5	3	1	8	*	6	4	52	52	1	4	1	1	0	L	l	1	3.523	1.088	4.623130250711931	
112400	5	3	2	1	*	8	4	12	20	0	1	0	1	0	J	j	1	2.259	2.352	4.623130250711931	
112400	5	3	3	7	*	8	5	61	66	0	4	0	1	0	K	k	1	1.857	1.153	4.623130250711931	
112400	6	5	1	3	*	7	-1	20	29	0	3	0	1	0	R	r	1	1.496	1.321	4.623130250711931	
112400	6	5	2	8	/	8	8	9	9	1	1	1	1	0	Y	y	1	2.287	1.121	4.623130250711931	
112400	6	5	3	9	*	5	-8	37	37	1	4	1	1	0	T	t	1	3.151	1.248	4.623130250711931	
112400	6	5	4	8	*	9	-8	64	67	0	4	0	1	0	L	l	1	2.502	1.337	4.623130250711931	
112400	6	5	5	4	*	5	-8	12	12	1	3	1	1	0	Q	q	1	2.404	1.057	4.623130250711931	
112400	7	7	1	5	*	7	5	40	34	0	3	0	1	0	J	y	0	2.264	1.713	4.623130250711931	
112400	7	7	2	4	*	4	1	17	17	1	2	1	1	0	Y	p	0	2.32	0.944	4.623130250711931	
112400	7	7	3	3	/	3	3	4	7	0	1	0	1	0	P	s	0	2.212	1.153	4.623130250711931	
112400	7	7	4	2	*	4	4	12	12	1	1	1	1	0	S	t	0	1.791	1.376	4.623130250711931	
112400	7	7	5	3	*	6	-4	14	14	1	2	1	1	0	T	n	0	0.934	1.569	4.623130250711931	
112400	7	7	6	9	*	7	-4	59	59	1	4	0	0	0	N	j	0	1.528	2.096	4.623130250711931	
112400	7	7	7	8	/	1	-2	6	4	0	1	0	1	0	H	h	1	1.854	2.184	4.623130250711931	
112400	8	5	1	3	*	3	3	12	18	0	1	NA	0	1	K	k	1	4.623130250711931	0	4.623130250711931	
112400	8	5	2	6	*	5	-5	25	25	1	3	1	1	0	R	y	0	1.645	1.64	4.623130250711931	
112400	8	5	3	7	*	3	7	28	20	0	3	0	1	0	Y	t	0	1.904	1.264	4.623130250711931	
112400	8	5	4	1	*	7	-4	3	5	0	1	0	1	0	T	r	0	1.448	1.56	4.623130250711931	
112400	8	5	5	9	*	3	6	33	33	1	3	1	1	0	Q	q	1	0.823	2.249	4.623130250711931	
112400	9	4	1	8	*	3	-2	22	29	0	3	0	1	0	K	k	1	1.503	1.104	4.623130250711931	
112400	9	4	2	9	*	6	7	61	61	1	4	0	0	0	H	h	1	1.99	1.609	4.623130250711931	
112400	9	4	3	6	*	2	-2	10	10	1	2	1	1	0	T	t	1	2.43	1.512	4.623130250711931	
112400	9	4	4	8	*	5	9	49	55	0	4	NA	0	1	Q	q	1	4.623130250711931	0	4.623130250711931	
112400	10	3	1	3	*	4	6	18	11	0	2	0	1	0	N	n	1	1.832	1.209	4.623130250711931	
112400	10	3	2	9	/	3	-1	2	10	0	1	0	1	0	F	f	1	1.293	1.185	4.623130250711931	
112400	10	3	3	6	*	4	-8	16	16	1	3	0	0	0	S	s	1	2.074	1.072	4.623130250711931	
112400	11	6	1	4	*	7	4	32	25	0	3	0	1	0	T	t	1	1.557	1.169	4.623130250711931	
112400	11	6	2	7	/	1	-1	6	11	0	1	0	1	0	L	l	1	1.321	1.656	4.623130250711931	
112400	11	6	3	5	*	3	3	18	18	1	2	1	1	0	Y	y	1	1.233	1.68	4.623130250711931	
112400	11	6	4	8	*	8	-4	60	60	1	4	0	0	0	K	k	1	0.754	3.321	4.623130250711931	
112400	11	6	5	6	*	3	-4	14	14	1	2	1	1	0	R	r	1	1.245	2.352	4.623130250711931	
112400	11	6	6	5	*	5	4	29	21	0	3	0	1	0	J	j	1	1.374	1.176	4.623130250711931	
112400	12	7	1	5	*	6	8	38	42	0	3	0	1	0	Y	y	1	1.149	1	4.623130250711931	
112400	12	7	2	6	/	1	8	14	14	1	1	1	1	0	T	t	1	1.415	2.217	4.623130250711931	
112400	12	7	3	3	*	2	5	11	11	1	1	1	1	0	S	f	0	1.718	2.352	4.623130250711931	
112400	12	7	4	5	*	4	4	24	24	1	3	1	1	0	F	s	0	1.448	1.328	4.623130250711931	
112400	12	7	5	8	*	2	3	19	19	1	2	1	1	0	P	p	1	1.215	1.698	4.623130250711931	
112400	12	7	6	4	/	1	3	7	3	0	1	NA	0	1	N	n	1	4.623130250711931	0	4.623130250711931	
112400	12	7	7	6	*	6	7	43	46	0	3	0	1	0	R	r	1	1.311	2.704	4.623130250711931	
112400	13	6	1	4	*	8	-3	29	38	0	3	0	1	0	T	t	1	1.709	1.465	4.623130250711931	
112400	13	6	2	1	*	3	5	8	8	1	1	1	1	0	N	n	1	1.461	1.368	4.623130250711931	
112400	13	6	3	2	/	2	1	2	7	0	1	0	1	0	F	f	1	1.148	1.752	4.623130250711931	
112400	13	6	4	2	*	2	-3	1	1	1	1	1	1	0	L	l	1	2.2	1.728	4.623130250711931	
112400	13	6	5	5	*	2	1	11	13	0	2	0	1	0	S	s	1	1.025	1.434	4.623130250711931	
112400	13	6	6	4	*	2	5	13	13	1	1	1	1	0	J	j	1	0.894	2.544	4.623130250711931	
112400	14	5	1	9	*	2	3	21	22	0	2	0	1	0	J	j	1	1.183	1.08	4.623130250711931	
112400	14	5	2	1	*	6	9	15	7	0	1	0	1	0	S	s	1	1.523	1.128	4.623130250711931	
112400	14	5	3	4	/	2	-1	1	4	0	1	0	1	0	Y	y	1	1.343	1.664	4.623130250711931	
112400	14	5	4	7	*	6	5	47	47	1	4	1	1	0	L	l	1	1.333	1.985	4.623130250711931	
112400	14	5	5	9	*	4	-4	32	32	1	3	1	1	0	F	f	1	1.286	1.08	4.623130250711931	
112400	15	3	1	7	*	2	-6	8	5	0	2	0	1	0	F	f	1	1.372	1.233	4.623130250711931	
112400	15	3	2	8	/	2	6	10	10	1	1	1	1	0	Q	q	1	1.651	1.384	4.623130250711931	
112400	15	3	3	5	/	1	6	11	11	1	1	1	1	0	P	p	1	1.553	1.264	4.623130250711931	
112400	16	7	1	6	*	9	-8	46	46	1	4	0	0	0	J	j	1	1.178	2.28	4.623130250711931	
112400	16	7	2	3	*	8	-6	18	23	0	3	0	1	0	R	s	0	1.862	1.56	4.623130250711931	
112400	16	7	3	9	*	9	-4	77	80	0	4	0	1	0	Y	y	1	1.653	1.76	4.623130250711931	
112400	16	7	4	8	*	4	-3	29	24	0	3	0	1	0	S	r	0	2.188	0.969	4.623130250711931	
112400	16	7	5	2	*	6	-7	5	13	0	2	0	1	0	P	p	1	2.036	1.336	4.623130250711931	
112400	16	7	6	6	/	6	4	5	5	1	1	1	1	0	F	f	1	1.732	1.384	4.623130250711931	
112400	16	7	7	3	*	9	1	28	28	1	3	1	1	0	H	h	1	1.151	1.737	4.623130250711931	
112400	17	4	1	2	*	3	2	8	7	0	1	0	1	0	Q	q	1	2.396	1.208	4.623130250711931	
112400	17	4	2	5	/	5	2	3	3	1	1	1	1	0	H	f	0	1.612	1.344	4.623130250711931	
112400	17	4	3	9	*	8	-9	63	66	0	4	0	1	0	F	h	0	0.908	1.729	4.623130250711931	
112400	17	4	4	2	*	8	-3	13	13	1	2	0	0	0	Y	y	1	0.825	2.176	4.623130250711931	
