Subject	BlockNum	BlockSize	NumInBlock	Image	SymmCorrect	SymmResp	SymmAcc	Timeout	Target	TargetResp	Acc	ViewTime	YNTime	MaxTime	
171030	SqPrac1	2	1	NA	NA	NA	NA	NA	12	12	1	NA	NA	10	
171030	SqPrac1	2	2	NA	NA	NA	NA	NA	5	5	1	NA	NA	10	
171030	SqPrac2	3	1	NA	NA	NA	NA	NA	1	1	1	NA	NA	10	
171030	SqPrac2	3	2	NA	NA	NA	NA	NA	13	13	1	NA	NA	10	
171030	SqPrac2	3	3	NA	NA	NA	NA	NA	8	8	1	NA	NA	10	
171030	Symm1	6	1	pracsymm13.bmp	nonsymmetric	0	1	0	NA	NA	NA	4.03	1.249	10	
171030	Symm1	6	2	pracsymm14.bmp	nonsymmetric	0	1	0	NA	NA	NA	3.52	0.888	10	
171030	Symm1	6	3	pracsymm9.bmp	nonsymmetric	0	1	0	NA	NA	NA	2.239	0.91	10	
171030	Symm1	6	4	pracsymm6.bmp	symmetric	1	1	0	NA	NA	NA	2.215	0.91	10	
171030	Symm1	6	5	pracsymm11.bmp	nonsymmetric	0	1	0	NA	NA	NA	6.988	0.977	10	
171030	Symm1	6	6	pracsymm2.bmp	symmetric	1	1	0	NA	NA	NA	4.941	0.931	10	
171030	CombPrac1	2	1	pracsymm7.bmp	symmetric	1	1	0	6	5	0	2.985	1.039	10	
171030	CombPrac1	2	2	pracsymm8.bmp	nonsymmetric	0	1	0	2	2	1	3.35	1.462	10	
171030	CombPrac2	3	1	pracsymm15.bmp	nonsymmetric	0	1	0	1	1	1	2.317	0.785	10	
171030	CombPrac2	3	2	pracsymm1.bmp	symmetric	1	1	0	5	5	1	1.788	1.026	10	
171030	CombPrac2	3	3	pracsymm4.bmp	symmetric	1	1	0	7	7	1	1.962	0.872	10	
171030	1	4	1	symm2.bmp	symmetric	1	1	0	9	13	0	3.171	0.961	8.316156550801335	
171030	1	4	2	symm44.bmp	nonsymmetric	0	1	0	13	9	0	1.723	0.971	8.316156550801335	
171030	1	4	3	symm42.bmp	nonsymmetric	0	1	0	3	3	1	1.698	1.015	8.316156550801335	
171030	1	4	4	symm6.bmp	symmetric	1	1	0	5	5	1	2.021	0.943	8.316156550801335	
171030	2	5	1	symm16.bmp	symmetric	1	1	0	4	4	1	3.854	0.945	8.316156550801335	
171030	2	5	2	symm35.bmp	nonsymmetric	0	1	0	5	5	1	1.898	0.833	8.316156550801335	
171030	2	5	3	symm13.bmp	symmetric	1	1	0	11	16	0	1.433	0.952	8.316156550801335	
171030	2	5	4	symm7.bmp	symmetric	1	1	0	16	11	0	2.2	1.211	8.316156550801335	
171030	2	5	5	symm21.bmp	symmetric	1	1	0	10	0	0	2.551	1.122	8.316156550801335	
171030	3	3	1	symm48.bmp	nonsymmetric	0	1	0	12	11	0	3.073	1.047	8.316156550801335	
171030	3	3	2	symm8.bmp	symmetric	1	1	0	10	10	1	1.45	2.025	8.316156550801335	
171030	3	3	3	symm39.bmp	nonsymmetric	1	0	0	8	8	1	1.878	0.783	8.316156550801335	
171030	4	5	1	symm15.bmp	symmetric	1	1	0	16	16	1	2.918	1.018	8.316156550801335	
171030	4	5	2	symm36.bmp	nonsymmetric	0	1	0	15	15	1	1.371	1.024	8.316156550801335	
171030	4	5	3	symm41.bmp	nonsymmetric	0	1	0	10	11	0	1.901	0.7	8.316156550801335	
171030	4	5	4	symm30.bmp	nonsymmetric	0	1	0	4	4	1	5.416	1.098	8.316156550801335	
171030	4	5	5	symm12.bmp	symmetric	1	1	0	9	9	1	1.93	0.874	8.316156550801335	
171030	5	5	1	symm45.bmp	nonsymmetric	0	1	0	7	7	1	4.376	0.721	8.316156550801335	
171030	5	5	2	symm27.bmp	nonsymmetric	0	1	0	6	6	1	1.492	0.728	8.316156550801335	
171030	5	5	3	symm46.bmp	nonsymmetric	0	1	0	11	16	0	1.402	0.695	8.316156550801335	
171030	5	5	4	symm1.bmp	symmetric	1	1	0	16	11	0	1.07	1.361	8.316156550801335	
171030	5	5	5	symm3.bmp	symmetric	1	1	0	3	3	1	1.258	1.012	8.316156550801335	
171030	6	3	1	symm34.bmp	nonsymmetric	0	1	0	9	9	1	2.139	1.075	8.316156550801335	
171030	6	3	2	symm17.bmp	symmetric	0	0	0	1	1	1	1.108	0.928	8.316156550801335	
171030	6	3	3	symm26.bmp	nonsymmetric	0	1	0	13	13	1	2.271	0.839	8.316156550801335	
171030	7	2	1	symm10.bmp	symmetric	1	1	0	4	4	1	5.823	0.663	8.316156550801335	
171030	7	2	2	symm32.bmp	nonsymmetric	0	1	0	6	6	1	2.427	0.875	8.316156550801335	
171030	8	3	1	symm9.bmp	symmetric	1	1	0	13	13	1	3.654	0.691	8.316156550801335	
171030	8	3	2	symm31.bmp	nonsymmetric	0	1	0	12	16	0	1.407	0.803	8.316156550801335	
171030	8	3	3	symm29.bmp	nonsymmetric	0	1	0	3	3	1	1.969	0.79	8.316156550801335	
171030	9	2	1	symm11.bmp	symmetric	1	1	0	12	12	1	3.329	0.994	8.316156550801335	
171030	9	2	2	symm20.bmp	symmetric	1	1	0	1	1	1	1.628	0.875	8.316156550801335	
171030	10	4	1	symm18.bmp	symmetric	1	1	0	7	7	1	5.025	0.86	8.316156550801335	
171030	10	4	2	symm22.bmp	symmetric	1	1	0	1	1	1	1.82	0.737	8.316156550801335	
171030	10	4	3	symm19.bmp	symmetric	1	1	0	12	12	1	1.321	0.697	8.316156550801335	
171030	10	4	4	symm25.bmp	nonsymmetric	0	1	0	5	5	1	1.095	0.923	8.316156550801335	
171030	11	2	1	symm28.bmp	nonsymmetric	0	1	0	2	5	0	1.71	0.761	8.316156550801335	
171030	11	2	2	symm40.bmp	nonsymmetric	0	1	0	12	12	1	1.422	0.718	8.316156550801335	
171030	12	4	1	symm23.bmp	symmetric	1	1	0	6	6	1	3.393	0.716	8.316156550801335	
171030	12	4	2	symm24.bmp	symmetric	1	1	0	12	12	1	1.263	0.753	8.316156550801335	
171030	12	4	3	symm33.bmp	nonsymmetric	0	1	0	15	15	1	1.49	0.986	8.316156550801335	
171030	12	4	4	symm37.bmp	nonsymmetric	0	1	0	1	1	1	1.062	0.859	8.316156550801335	
