Subject	BlockNum	BlockSize	NumInBlock	Image	SymmCorrect	SymmResp	SymmAcc	Timeout	Target	TargetResp	Acc	ViewTime	YNTime	MaxTime	
211430	SqPrac1	2	1	NA	NA	NA	NA	NA	13	13	1	NA	NA	10	
211430	SqPrac1	2	2	NA	NA	NA	NA	NA	15	15	1	NA	NA	10	
211430	SqPrac2	3	1	NA	NA	NA	NA	NA	1	1	1	NA	NA	10	
211430	SqPrac2	3	2	NA	NA	NA	NA	NA	13	13	1	NA	NA	10	
211430	SqPrac2	3	3	NA	NA	NA	NA	NA	10	10	1	NA	NA	10	
211430	Symm1	6	1	pracsymm4.bmp	symmetric	1	1	0	NA	NA	NA	2.925	1.54	10	
211430	Symm1	6	2	pracsymm8.bmp	nonsymmetric	0	1	0	NA	NA	NA	0.672	0.645	10	
211430	Symm1	6	3	pracsymm11.bmp	nonsymmetric	1	0	0	NA	NA	NA	0.504	0.824	10	
211430	Symm1	6	4	pracsymm2.bmp	symmetric	0	0	0	NA	NA	NA	0.576	0.438	10	
211430	Symm1	6	5	pracsymm14.bmp	nonsymmetric	1	0	0	NA	NA	NA	0.073	0.595	10	
211430	Symm1	6	6	pracsymm12.bmp	nonsymmetric	1	0	0	NA	NA	NA	5.952	0.585	10	
211430	CombPrac1	2	1	pracsymm13.bmp	nonsymmetric	1	0	0	1	12	0	0.495	0.711	10	
211430	CombPrac1	2	2	pracsymm6.bmp	symmetric	0	0	0	3	2	0	0.332	0.581	10	
211430	CombPrac2	3	1	pracsymm15.bmp	nonsymmetric	1	0	0	1	1	1	0.607	0.48	10	
211430	CombPrac2	3	2	pracsymm10.bmp	nonsymmetric	0	1	0	6	6	1	0.52	0.673	10	
211430	CombPrac2	3	3	pracsymm1.bmp	symmetric	1	1	0	3	3	1	0.568	0.406	10	
211430	1	3	1	symm32.bmp	nonsymmetric	1	0	0	13	13	1	0.776	0.635	6.526985333668987	
211430	1	3	2	symm25.bmp	nonsymmetric	0	1	0	3	3	1	0.764	0.878	6.526985333668987	
211430	1	3	3	symm11.bmp	symmetric	1	1	0	1	1	1	0.482	0.4	6.526985333668987	
211430	2	2	1	symm35.bmp	nonsymmetric	1	0	0	14	10	0	0.594	0.494	6.526985333668987	
211430	2	2	2	symm14.bmp	symmetric	0	0	0	11	11	1	0.473	0.644	6.526985333668987	
211430	3	5	1	symm47.bmp	nonsymmetric	1	0	0	2	1	0	0.53	0.416	6.526985333668987	
211430	3	5	2	symm1.bmp	symmetric	0	0	0	1	5	0	0.352	0.456	6.526985333668987	
211430	3	5	3	symm42.bmp	nonsymmetric	1	0	0	5	2	0	0.094	0.32	6.526985333668987	
211430	3	5	4	symm28.bmp	nonsymmetric	1	0	0	7	7	1	0.431	0.358	6.526985333668987	
211430	3	5	5	symm16.bmp	symmetric	0	0	0	4	4	1	0.402	0.587	6.526985333668987	
211430	4	3	1	symm17.bmp	symmetric	1	1	0	1	1	1	0.556	0.415	6.526985333668987	
211430	4	3	2	symm6.bmp	symmetric	1	1	0	13	5	0	0.09	0.996	6.526985333668987	
211430	4	3	3	symm41.bmp	nonsymmetric	1	0	0	5	13	0	0.411	0.376	6.526985333668987	
211430	5	3	1	symm4.bmp	symmetric	1	1	0	8	13	0	0.485	0.577	6.526985333668987	
211430	5	3	2	symm15.bmp	symmetric	1	1	0	12	12	1	0.117	0.519	6.526985333668987	
211430	5	3	3	symm20.bmp	symmetric	1	1	0	13	8	0	0.066	0.455	6.526985333668987	
211430	6	5	1	symm13.bmp	symmetric	1	1	0	8	13	0	0.332	0.617	6.526985333668987	
211430	6	5	2	symm24.bmp	symmetric	1	1	0	2	5	0	0.234	0.276	6.526985333668987	
211430	6	5	3	symm10.bmp	symmetric	0	0	0	12	2	0	0.02	0.353	6.526985333668987	
211430	6	5	4	symm3.bmp	symmetric	1	1	0	13	7	0	0.054	0.284	6.526985333668987	
211430	6	5	5	symm27.bmp	nonsymmetric	0	1	0	5	8	0	0.445	0.602	6.526985333668987	
211430	7	2	1	symm37.bmp	nonsymmetric	1	0	0	9	9	1	0.519	0.355	6.526985333668987	
211430	7	2	2	symm29.bmp	nonsymmetric	1	0	0	5	7	0	0.271	0.586	6.526985333668987	
211430	8	4	1	symm26.bmp	nonsymmetric	1	0	0	16	13	0	0.534	0.547	6.526985333668987	
211430	8	4	2	symm22.bmp	symmetric	1	1	0	10	10	1	0.382	0.567	6.526985333668987	
211430	8	4	3	symm39.bmp	nonsymmetric	0	1	0	13	1	0	0.276	0.424	6.526985333668987	
211430	8	4	4	symm44.bmp	nonsymmetric	1	0	0	1	0	0	0.144	0.21	6.526985333668987	
211430	9	5	1	symm23.bmp	symmetric	1	1	0	13	14	0	2.57	0.555	6.526985333668987	
211430	9	5	2	symm8.bmp	symmetric	1	1	0	7	13	0	0.377	0.408	6.526985333668987	
211430	9	5	3	symm21.bmp	symmetric	0	0	0	9	9	1	0.221	0.487	6.526985333668987	
211430	9	5	4	symm33.bmp	nonsymmetric	1	0	0	14	7	0	0.575	0.503	6.526985333668987	
211430	9	5	5	symm46.bmp	nonsymmetric	1	0	0	1	1	1	0.456	0.707	6.526985333668987	
211430	10	2	1	symm12.bmp	symmetric	1	1	0	7	14	0	0.48	0.76	6.526985333668987	
211430	10	2	2	symm19.bmp	symmetric	0	0	0	11	7	0	0.304	0.548	6.526985333668987	
211430	11	4	1	symm18.bmp	symmetric	1	1	0	13	13	1	2.704	0.731	6.526985333668987	
211430	11	4	2	symm40.bmp	nonsymmetric	1	0	0	16	10	0	0.422	0.589	6.526985333668987	
211430	11	4	3	symm31.bmp	nonsymmetric	0	1	0	10	16	0	0.411	0.581	6.526985333668987	
211430	11	4	4	symm2.bmp	symmetric	1	1	0	8	8	1	0.3	0.346	6.526985333668987	
211430	12	4	1	symm43.bmp	nonsymmetric	1	0	0	9	1	0	0.506	0.57	6.526985333668987	
211430	12	4	2	symm9.bmp	symmetric	1	1	0	5	9	0	2.581	0.588	6.526985333668987	
211430	12	4	3	symm38.bmp	nonsymmetric	0	1	0	4	0	0	0.564	0.57	6.526985333668987	
211430	12	4	4	symm30.bmp	nonsymmetric	1	0	0	1	0	0	0.253	0.495	6.526985333668987	
