Subject	BlockNum	BlockSize	NumInBlock	Image	SymmCorrect	SymmResp	SymmAcc	Timeout	Target	TargetResp	Acc	ViewTime	YNTime	MaxTime	
125358	SqPrac1	2	1	NA	NA	NA	NA	NA	12	12	1	NA	NA	10	
125358	SqPrac1	2	2	NA	NA	NA	NA	NA	11	11	1	NA	NA	10	
125358	SqPrac2	3	1	NA	NA	NA	NA	NA	10	7	0	NA	NA	10	
125358	SqPrac2	3	2	NA	NA	NA	NA	NA	1	1	1	NA	NA	10	
125358	SqPrac2	3	3	NA	NA	NA	NA	NA	13	13	1	NA	NA	10	
125358	Symm1	6	1	pracsymm1.bmp	symmetric	1	1	0	NA	NA	NA	2.276	1.211	10	
125358	Symm1	6	2	pracsymm2.bmp	symmetric	1	1	0	NA	NA	NA	0.251	0.665	10	
125358	Symm1	6	3	pracsymm6.bmp	symmetric	1	1	0	NA	NA	NA	0.116	0.952	10	
125358	Symm1	6	4	pracsymm15.bmp	nonsymmetric	0	1	0	NA	NA	NA	0.601	0.511	10	
125358	Symm1	6	5	pracsymm4.bmp	symmetric	1	1	0	NA	NA	NA	0.459	0.544	10	
125358	Symm1	6	6	pracsymm14.bmp	nonsymmetric	0	1	0	NA	NA	NA	0.522	0.582	10	
125358	CombPrac1	2	1	pracsymm3.bmp	symmetric	1	1	0	15	15	1	0.8	0.517	10	
125358	CombPrac1	2	2	pracsymm12.bmp	nonsymmetric	0	1	0	16	16	1	1.99	0.556	10	
125358	CombPrac2	3	1	pracsymm8.bmp	nonsymmetric	0	1	0	2	2	1	0.892	0.612	10	
125358	CombPrac2	3	2	pracsymm7.bmp	symmetric	1	1	0	13	13	1	0.774	0.446	10	
125358	CombPrac2	3	3	pracsymm9.bmp	nonsymmetric	0	1	0	6	6	1	0.729	0.523	10	
125358	1	4	1	symm25.bmp	nonsymmetric	0	1	0	3	1	0	0.817	0.57	3.4865823283514037	
125358	1	4	2	symm29.bmp	nonsymmetric	0	1	0	14	14	1	5.817	0.546	3.4865823283514037	
125358	1	4	3	symm21.bmp	symmetric	1	1	0	7	7	1	0.718	0.491	3.4865823283514037	
125358	1	4	4	symm24.bmp	symmetric	1	1	0	12	12	1	0.686	0.52	3.4865823283514037	
125358	2	4	1	symm10.bmp	symmetric	1	1	0	16	16	1	1.175	0.617	3.4865823283514037	
125358	2	4	2	symm6.bmp	symmetric	1	1	0	8	4	0	0.779	1.141	3.4865823283514037	
125358	2	4	3	symm30.bmp	nonsymmetric	0	1	0	4	8	0	0.622	0.941	3.4865823283514037	
125358	2	4	4	symm27.bmp	nonsymmetric	0	1	0	12	12	1	0.837	0.758	3.4865823283514037	
125358	3	5	1	symm43.bmp	nonsymmetric	0	1	0	13	13	1	1.344	0.601	3.4865823283514037	
125358	3	5	2	symm18.bmp	symmetric	1	1	0	2	2	1	0.735	0.867	3.4865823283514037	
125358	3	5	3	symm4.bmp	symmetric	1	1	0	5	5	1	1.114	0.472	3.4865823283514037	
125358	3	5	4	symm2.bmp	symmetric	1	1	0	11	11	1	1.062	0.451	3.4865823283514037	
125358	3	5	5	symm34.bmp	nonsymmetric	0	1	0	1	1	1	0.971	0.687	3.4865823283514037	
125358	4	3	1	symm7.bmp	symmetric	1	1	0	1	1	1	1.13	0.56	3.4865823283514037	
125358	4	3	2	symm15.bmp	symmetric	1	1	0	10	10	1	0.849	0.61	3.4865823283514037	
125358	4	3	3	symm11.bmp	symmetric	1	1	0	16	16	1	1.033	0.527	3.4865823283514037	
125358	5	4	1	symm35.bmp	nonsymmetric	0	1	0	7	7	1	2.7	0.692	3.4865823283514037	
125358	5	4	2	symm9.bmp	symmetric	1	1	0	3	3	1	0.969	0.474	3.4865823283514037	
125358	5	4	3	symm5.bmp	symmetric	1	1	0	15	15	1	0.956	0.366	3.4865823283514037	
125358	5	4	4	symm19.bmp	symmetric	1	1	0	10	6	0	0.777	0.474	3.4865823283514037	
125358	6	5	1	symm13.bmp	symmetric	1	1	0	10	9	0	1.113	0.658	3.4865823283514037	
125358	6	5	2	symm41.bmp	nonsymmetric	0	1	0	8	10	0	0.672	0.639	3.4865823283514037	
125358	6	5	3	symm42.bmp	nonsymmetric	0	1	0	3	7	0	0.585	0.616	3.4865823283514037	
125358	6	5	4	symm23.bmp	symmetric	0	0	0	16	8	0	0.462	1.663	3.4865823283514037	
125358	6	5	5	symm44.bmp	nonsymmetric	0	1	0	9	5	0	0.97	0.806	3.4865823283514037	
125358	7	2	1	symm17.bmp	symmetric	1	1	0	16	16	1	2.89	0.55	3.4865823283514037	
125358	7	2	2	symm22.bmp	symmetric	1	1	0	14	14	1	11.498	0.756	3.4865823283514037	
125358	8	3	1	symm33.bmp	nonsymmetric	0	1	0	14	10	0	1.264	0.688	3.4865823283514037	
125358	8	3	2	symm8.bmp	symmetric	1	1	0	11	11	1	1.344	0.605	3.4865823283514037	
125358	8	3	3	symm20.bmp	symmetric	1	1	0	13	13	1	0.675	0.47	3.4865823283514037	
125358	9	2	1	symm38.bmp	nonsymmetric	0	1	0	2	2	1	1.081	0.748	3.4865823283514037	
125358	9	2	2	symm16.bmp	symmetric	1	1	0	12	12	1	0.925	0.473	3.4865823283514037	
125358	10	2	1	symm40.bmp	nonsymmetric	0	1	0	2	2	1	2.572	0.773	3.4865823283514037	
125358	10	2	2	symm12.bmp	symmetric	1	1	0	16	16	1	1.478	0.516	3.4865823283514037	
125358	11	3	1	symm14.bmp	symmetric	1	1	0	4	8	0	1.212	0.499	3.4865823283514037	
125358	11	3	2	symm32.bmp	nonsymmetric	0	1	0	2	2	1	0.694	1.169	3.4865823283514037	
125358	11	3	3	symm1.bmp	symmetric	1	1	0	11	11	1	0.692	0.868	3.4865823283514037	
125358	12	5	1	symm45.bmp	nonsymmetric	0	1	0	9	10	0	1.805	0.567	3.4865823283514037	
125358	12	5	2	symm26.bmp	nonsymmetric	0	1	0	10	6	0	1.452	0.674	3.4865823283514037	
125358	12	5	3	symm46.bmp	nonsymmetric	1	0	0	3	7	0	0.381	2.821	3.4865823283514037	
125358	12	5	4	symm36.bmp	nonsymmetric	0	1	0	8	16	0	0.932	1.393	3.4865823283514037	
125358	12	5	5	symm48.bmp	nonsymmetric	0	1	0	16	0	0	2.88	2.917	3.4865823283514037	
