SUBJNO	BLOCKNUM	BLOCKSIZE	NUMINBLOCK	TERM1	OP	TERM2	TERM3	ANSWER	PROBE	PROBETYPE	DIFFIC	MATHRESP	MATHACC	TIMEOUT	TBRLETTER	TYPED	RECALLED	MATHTIME	TFTIME	MAXTIME	
125437	Cal	15	1	7	*	7	5	54	45	0	4	0	1	0	-	NA	-1	2.715	0.898	10	
125437	Cal	15	2	6	/	2	1	4	4	1	1	1	1	0	-	NA	-1	1.969	0.731	10	
125437	Cal	15	3	7	*	9	2	65	57	0	4	0	1	0	-	NA	-1	1.613	0.685	10	
125437	Cal	15	4	1	*	2	5	7	7	1	1	1	1	0	-	NA	-1	1.671	0.625	10	
125437	Cal	15	5	9	/	1	-5	4	4	1	1	1	1	0	-	NA	-1	1.75	0.775	10	
125437	Cal	15	6	1	*	4	6	10	11	0	1	0	1	0	-	NA	-1	1.622	0.712	10	
125437	Cal	15	7	4	*	6	-4	20	27	0	3	0	1	0	-	NA	-1	1.581	0.944	10	
125437	Cal	15	8	6	*	8	5	53	53	1	4	1	1	0	-	NA	-1	2.808	0.664	10	
125437	Cal	15	9	5	*	9	4	49	49	1	4	1	1	0	-	NA	-1	2.732	0.785	10	
125437	Cal	15	10	9	/	9	3	4	12	0	1	0	1	0	-	NA	-1	1.503	0.863	10	
125437	Cal	15	11	4	*	9	9	45	39	0	3	0	1	0	-	NA	-1	4.318	0.817	10	
125437	Cal	15	12	3	*	5	-9	6	6	1	2	1	1	0	-	NA	-1	2.42	0.639	10	
125437	Cal	15	13	8	/	4	8	10	19	0	1	0	1	0	-	NA	-1	1.399	0.75	10	
125437	Cal	15	14	5	*	8	1	41	35	0	4	0	1	0	-	NA	-1	1.549	0.752	10	
125437	Cal	15	15	6	*	7	-1	41	41	1	4	1	1	0	-	NA	-1	1.632	0.6	10	
125437	Prac1	2	1	6	/	3	6	8	8	1	1	1	1	0	T	t	1	1.736	0.8	4.860967035844492	
125437	Prac1	2	2	7	*	5	7	42	45	0	3	0	1	0	N	n	1	2.779	0.821	4.860967035844492	
125437	Prac2	3	1	2	*	7	-1	13	17	0	2	0	1	0	J	j	1	1.829	0.921	4.860967035844492	
125437	Prac2	3	2	2	*	9	-3	15	7	0	2	0	1	0	Q	q	1	1.72	0.816	4.860967035844492	
125437	Prac2	3	3	8	*	7	4	60	60	1	4	1	1	0	S	s	1	2.659	0.578	4.860967035844492	
125437	3	6	1	1	*	5	4	9	18	0	1	0	1	0	R	r	1	1.359	0.791	4.860967035844492	
125437	3	6	2	4	*	3	-3	9	9	1	2	1	1	0	H	h	1	2.048	0.704	4.860967035844492	
125437	3	6	3	7	/	7	6	7	3	0	1	0	1	0	N	n	1	1.613	0.802	4.860967035844492	
125437	3	6	4	1	*	9	-4	5	10	0	1	0	1	0	T	t	1	1.377	0.809	4.860967035844492	
125437	3	6	5	4	/	4	2	3	3	1	1	1	1	0	P	p	1	1.579	0.808	4.860967035844492	
125437	3	6	6	7	*	4	8	36	36	1	3	1	1	0	Y	y	1	2	0.714	4.860967035844492	
125437	4	4	1	1	/	1	8	9	9	1	1	1	1	0	R	r	1	1.548	0.794	4.860967035844492	
125437	4	4	2	2	/	1	6	8	14	0	1	0	1	0	J	j	1	1.392	0.843	4.860967035844492	
125437	4	4	3	3	/	1	5	8	8	1	1	1	1	0	K	k	1	1.348	0.655	4.860967035844492	
125437	4	4	4	2	*	5	-2	8	15	0	2	0	1	0	P	p	1	1.535	0.835	4.860967035844492	
125437	5	3	1	8	*	6	-1	47	42	0	4	0	1	0	P	p	1	1.244	0.869	4.860967035844492	
125437	5	3	2	1	*	8	-4	4	2	0	1	0	1	0	T	t	1	1.557	1.01	4.860967035844492	
125437	5	3	3	7	*	8	-9	47	47	1	4	NA	0	1	Q	q	1	4.860967035844492	0	4.860967035844492	
125437	6	5	1	3	*	7	4	25	25	1	3	1	1	0	R	r	1	2.342	0.735	4.860967035844492	
125437	6	5	2	8	/	8	3	4	4	1	1	1	1	0	L	a	0	1.24	0.868	4.860967035844492	
125437	6	5	3	9	*	5	-2	43	46	0	4	0	1	0	K	k	1	1.656	0.814	4.860967035844492	
125437	6	5	4	8	*	9	2	74	76	0	4	0	1	0	J	j	1	2.436	0.9	4.860967035844492	
125437	6	5	5	4	*	5	-9	11	8	0	3	0	1	0	T	t	1	1.905	1.28	4.860967035844492	
125437	7	7	1	5	*	7	8	43	43	1	3	1	1	0	F	f	1	2.234	0.677	4.860967035844492	
125437	7	7	2	4	*	4	-8	8	17	0	2	0	1	0	J	j	1	1.475	1.08	4.860967035844492	
125437	7	7	3	3	/	3	6	7	7	1	1	1	1	0	S	s	1	0.977	0.673	4.860967035844492	
125437	7	7	4	2	*	4	-4	4	4	1	1	1	1	0	T	t	1	1.099	0.713	4.860967035844492	
125437	7	7	5	3	*	6	9	27	26	0	2	0	1	0	Y	y	1	1.819	1.367	4.860967035844492	
125437	7	7	6	9	*	7	3	66	68	0	4	0	1	0	L	l	1	3.013	0.903	4.860967035844492	
125437	7	7	7	8	/	1	8	16	16	1	1	0	0	0	Q	q	1	1.921	0.866	4.860967035844492	
125437	8	5	1	3	*	3	7	16	16	1	1	1	1	0	J	j	1	1.765	0.727	4.860967035844492	
125437	8	5	2	6	*	5	-4	26	26	1	3	0	0	0	K	k	1	2.123	0.876	4.860967035844492	
125437	8	5	3	7	*	3	2	23	27	0	3	0	1	0	P	p	1	1.887	0.797	4.860967035844492	
125437	8	5	4	1	*	7	1	8	5	0	1	0	1	0	F	f	1	1.175	0.947	4.860967035844492	
125437	8	5	5	9	*	3	-4	23	18	0	3	0	1	0	R	r	1	1.391	1.611	4.860967035844492	
125437	9	4	1	8	*	3	6	30	30	1	3	1	1	0	L	l	1	1.602	0.68	4.860967035844492	
125437	9	4	2	9	*	6	-1	53	59	0	4	0	1	0	Q	q	1	1.991	1.156	4.860967035844492	
125437	9	4	3	6	*	2	-6	6	4	0	2	0	1	0	K	k	1	3.419	0.843	4.860967035844492	
125437	9	4	4	8	*	5	-2	38	38	1	4	1	1	0	P	p	1	1.515	1.219	4.860967035844492	
125437	10	3	1	3	*	4	-6	6	2	0	2	0	1	0	L	l	1	1.952	0.9	4.860967035844492	
125437	10	3	2	9	/	3	1	4	6	0	1	0	1	0	P	p	1	1.387	0.742	4.860967035844492	
125437	10	3	3	6	*	4	4	28	28	1	3	1	1	0	N	n	1	1.253	0.703	4.860967035844492	
125437	11	6	1	4	*	7	-1	27	20	0	3	0	1	0	S	s	1	1.658	0.793	4.860967035844492	
125437	11	6	2	7	/	1	6	13	13	1	1	1	1	0	T	t	1	1.559	0.881	4.860967035844492	
125437	11	6	3	5	*	3	-8	7	9	0	2	0	1	0	Q	q	1	1.707	1.142	4.860967035844492	
125437	11	6	4	8	*	8	-6	58	63	0	4	0	1	0	R	r	1	2.232	0.997	4.860967035844492	
125437	11	6	5	6	*	3	-3	15	15	1	2	1	1	0	H	h	1	2.91	0.782	4.860967035844492	
125437	11	6	6	5	*	5	-3	22	22	1	3	1	1	0	N	n	1	1.54	1.026	4.860967035844492	
125437	12	7	1	5	*	6	-9	21	17	0	3	0	1	0	F	f	1	1.318	0.911	4.860967035844492	
125437	12	7	2	6	/	1	9	15	15	1	1	1	1	0	Y	y	1	1.494	0.678	4.860967035844492	
125437	12	7	3	3	*	2	6	12	12	1	1	1	1	0	R	r	1	1.703	0.801	4.860967035844492	
125437	12	7	4	5	*	4	1	21	21	1	3	1	1	0	K	k	1	1.228	0.763	4.860967035844492	
125437	12	7	5	8	*	2	-7	9	4	0	2	0	1	0	P	p	1	2.935	0.93	4.860967035844492	
125437	12	7	6	4	/	1	4	8	5	0	1	0	1	0	J	j	1	1.36	0.76	4.860967035844492	
125437	12	7	7	6	*	6	7	43	42	0	3	1	0	0	L	y	0	2.088	1.195	4.860967035844492	
125437	13	6	1	4	*	8	6	38	32	0	3	0	1	0	Q	q	1	2.375	1.084	4.860967035844492	
125437	13	6	2	1	*	3	4	7	12	0	1	0	1	0	L	l	1	1.132	0.805	4.860967035844492	
125437	13	6	3	2	/	2	6	7	7	1	1	1	1	0	T	t	1	1.351	0.802	4.860967035844492	
125437	13	6	4	2	*	2	-1	3	3	1	1	1	1	0	Y	y	1	1.536	0.702	4.860967035844492	
125437	13	6	5	5	*	2	8	18	15	0	2	0	1	0	S	s	1	1.549	0.733	4.860967035844492	
125437	13	6	6	4	*	2	7	15	15	1	1	1	1	0	P	p	1	1.459	0.719	4.860967035844492	
125437	14	5	1	9	*	2	-2	16	12	0	2	0	1	0	L	l	1	3.964	0.837	4.860967035844492	
125437	14	5	2	1	*	6	7	13	13	1	1	1	1	0	T	t	1	1.5	0.926	4.860967035844492	
125437	14	5	3	4	/	2	5	7	12	0	1	0	1	0	H	h	1	1.593	0.83	4.860967035844492	
125437	14	5	4	7	*	6	-5	37	37	1	4	1	1	0	F	f	1	2.374	0.856	4.860967035844492	
125437	14	5	5	9	*	4	-6	30	30	1	3	1	1	0	N	n	1	2.514	0.952	4.860967035844492	
125437	15	3	1	7	*	2	-1	13	17	0	2	0	1	0	S	s	1	1.687	0.816	4.860967035844492	
125437	15	3	2	8	/	2	5	9	15	0	1	1	0	0	Y	y	1	0.037	1.872	4.860967035844492	
125437	15	3	3	5	/	1	7	12	12	1	1	1	1	0	J	j	1	1.71	0.874	4.860967035844492	
125437	16	7	1	6	*	9	5	59	59	1	4	1	1	0	Y	y	1	2.109	0.758	4.860967035844492	
125437	16	7	2	3	*	8	9	33	32	0	3	0	1	0	F	f	1	2.396	1.348	4.860967035844492	
125437	16	7	3	9	*	9	5	86	86	1	4	1	1	0	H	h	1	1.174	0.881	4.860967035844492	
125437	16	7	4	8	*	4	1	33	27	0	3	0	1	0	T	t	1	1.64	0.789	4.860967035844492	
125437	16	7	5	2	*	6	8	20	20	1	2	1	1	0	L	l	1	1.406	0.761	4.860967035844492	
125437	16	7	6	6	/	6	2	3	3	1	1	1	1	0	K	k	1	1.079	1.005	4.860967035844492	
125437	16	7	7	3	*	9	5	32	29	0	3	0	1	0	J	j	1	2.748	1.103	4.860967035844492	
125437	17	4	1	2	*	3	7	13	5	0	1	1	0	0	N	s	0	1.169	0.535	4.860967035844492	
125437	17	4	2	5	/	5	3	4	7	0	1	0	1	0	P	p	1	0.521	1.182	4.860967035844492	
125437	17	4	3	9	*	8	-6	66	66	1	4	1	1	0	H	h	1	0.766	0.631	4.860967035844492	
125437	17	4	4	2	*	8	4	20	20	1	2	1	1	0	Y	y	1	0.551	0.717	4.860967035844492	
