SUBJNO	BLOCKNUM	BLOCKSIZE	NUMINBLOCK	TERM1	OP	TERM2	TERM3	ANSWER	PROBE	PROBETYPE	DIFFIC	MATHRESP	MATHACC	TIMEOUT	TBRLETTER	TYPED	RECALLED	MATHTIME	TFTIME	MAXTIME	
145020	Cal	15	1	7	*	7	-4	45	52	0	4	0	1	0	-	NA	-1	5.012	2.17	10	
145020	Cal	15	2	6	/	2	6	9	9	1	1	1	1	0	-	NA	-1	3.771	0.696	10	
145020	Cal	15	3	7	*	9	-5	58	58	1	4	NA	0	1	-	NA	-1	10	0	10	
145020	Cal	15	4	1	*	2	-1	1	10	0	1	0	1	0	-	NA	-1	2.27	1.185	10	
145020	Cal	15	5	9	/	1	4	13	9	0	1	0	1	0	-	NA	-1	3.855	0.708	10	
145020	Cal	15	6	1	*	4	-1	3	3	1	1	1	1	0	-	NA	-1	2.576	0.653	10	
145020	Cal	15	7	4	*	6	-2	22	22	1	3	1	1	0	-	NA	-1	3.434	0.8	10	
145020	Cal	15	8	6	*	8	9	57	51	0	4	1	0	0	-	NA	-1	4.685	0.929	10	
145020	Cal	15	9	5	*	9	-9	36	36	1	4	1	1	0	-	NA	-1	4.853	2.03	10	
145020	Cal	15	10	9	/	9	3	4	1	0	1	0	1	0	-	NA	-1	2.139	1.389	10	
145020	Cal	15	11	4	*	9	4	40	36	0	3	0	1	0	-	NA	-1	3.762	0.758	10	
145020	Cal	15	12	3	*	5	5	20	25	0	2	0	1	0	-	NA	-1	1.687	1.317	10	
145020	Cal	15	13	8	/	4	2	4	4	1	1	1	1	0	-	NA	-1	3.5	0.876	10	
145020	Cal	15	14	5	*	8	-2	38	38	1	4	1	1	0	-	NA	-1	2.675	0.767	10	
145020	Cal	15	15	6	*	7	2	44	44	1	4	1	1	0	-	NA	-1	4.884	0.71	10	
145020	Prac1	2	1	6	/	3	5	7	7	1	1	1	1	0	R	r	1	3.995	0.845	9.652829692303227	
145020	Prac1	2	2	7	*	5	1	36	45	0	3	0	1	0	N	n	1	5.93	1.853	9.652829692303227	
145020	Prac2	3	1	2	*	7	-9	5	5	1	2	1	1	0	L	l	1	3.485	0.65	9.652829692303227	
145020	Prac2	3	2	2	*	9	-8	10	10	1	2	1	1	0	P	p	1	2.114	0.539	9.652829692303227	
145020	Prac2	3	3	8	*	7	3	59	50	0	4	1	0	0	Q	q	1	4.382	1.105	9.652829692303227	
145020	3	6	1	1	*	5	9	14	11	0	1	0	1	0	J	j	1	3.533	0.919	9.652829692303227	
145020	3	6	2	4	*	3	8	20	20	1	2	1	1	0	H	h	1	3.293	0.996	9.652829692303227	
145020	3	6	3	7	/	7	3	4	8	0	1	0	1	0	Q	q	1	1.866	1.352	9.652829692303227	
145020	3	6	4	1	*	9	3	12	12	1	1	1	1	0	S	s	1	4.263	1.036	9.652829692303227	
145020	3	6	5	4	/	4	5	6	6	1	1	1	1	0	R	r	1	1.806	0.64	9.652829692303227	
145020	3	6	6	7	*	4	9	37	40	0	3	1	0	0	N	n	1	2.582	0.705	9.652829692303227	
145020	4	4	1	1	/	1	4	5	1	0	1	0	1	0	Y	y	1	2.52	1.696	9.652829692303227	
145020	4	4	2	2	/	1	4	6	6	1	1	0	0	0	T	t	1	2.544	2.035	9.652829692303227	
145020	4	4	3	3	/	1	-2	1	1	1	1	1	1	0	J	j	1	2.95	0.683	9.652829692303227	
145020	4	4	4	2	*	5	6	16	12	0	2	0	1	0	F	f	1	1.798	1.46	9.652829692303227	
145020	5	3	1	8	*	6	9	57	52	0	4	0	1	0	R	r	1	4.293	2.208	9.652829692303227	
145020	5	3	2	1	*	8	4	12	12	1	1	1	1	0	P	p	1	2.75	1.018	9.652829692303227	
145020	5	3	3	7	*	8	8	64	64	1	4	1	1	0	J	j	1	1.564	0.837	9.652829692303227	
145020	6	5	1	3	*	7	-3	18	18	1	3	1	1	0	J	j	1	3.203	2.255	9.652829692303227	
145020	6	5	2	8	/	8	2	3	3	1	1	1	1	0	S	s	1	1.974	0.581	9.652829692303227	
145020	6	5	3	9	*	5	-7	38	38	1	4	1	1	0	P	p	1	3.265	0.834	9.652829692303227	
145020	6	5	4	8	*	9	4	76	72	0	4	0	1	0	N	n	1	4.255	1.697	9.652829692303227	
145020	6	5	5	4	*	5	-1	19	24	0	3	0	1	0	Y	y	1	3.944	1.035	9.652829692303227	
145020	7	7	1	5	*	7	2	37	37	1	3	1	1	0	H	j	0	2.737	0.568	9.652829692303227	
145020	7	7	2	4	*	4	9	25	21	0	2	1	0	0	Q	h	0	2.375	0.726	9.652829692303227	
145020	7	7	3	3	/	3	2	3	5	0	1	1	0	0	F	y	0	2.687	1.861	9.652829692303227	
145020	7	7	4	2	*	4	-7	1	5	0	1	0	1	0	Y	n	0	2.721	1.065	9.652829692303227	
145020	7	7	5	3	*	6	-6	12	12	1	2	0	0	0	P	q	0	2.502	1.213	9.652829692303227	
145020	7	7	6	9	*	7	-3	60	60	1	4	1	1	0	R	q	0	3.592	0.724	9.652829692303227	
145020	7	7	7	8	/	1	1	9	9	1	1	1	1	0	N	r	0	3.344	0.937	9.652829692303227	
145020	8	5	1	3	*	3	8	17	17	1	1	1	1	0	R	r	1	2.579	1.321	9.652829692303227	
145020	8	5	2	6	*	5	9	39	39	1	3	1	1	0	T	t	1	1.672	0.659	9.652829692303227	
145020	8	5	3	7	*	3	8	29	28	0	3	1	0	0	K	k	1	0.736	0.779	9.652829692303227	
145020	8	5	4	1	*	7	-6	1	2	0	1	0	1	0	N	n	1	3.422	2.899	9.652829692303227	
145020	8	5	5	9	*	3	8	35	35	1	3	1	1	0	J	j	1	3.675	0.731	9.652829692303227	
145020	9	4	1	8	*	3	-6	18	18	1	3	1	1	0	L	l	1	5.059	2.108	9.652829692303227	
145020	9	4	2	9	*	6	3	57	51	0	4	0	1	0	Q	q	1	3.793	0.957	9.652829692303227	
145020	9	4	3	6	*	2	-7	5	11	0	2	1	0	0	J	j	1	2.248	1.116	9.652829692303227	
145020	9	4	4	8	*	5	8	48	48	1	4	1	1	0	T	t	1	4.448	0.767	9.652829692303227	
145020	10	3	1	3	*	4	-5	7	15	0	2	0	1	0	K	k	1	5.431	0.949	9.652829692303227	
145020	10	3	2	9	/	3	-1	2	5	0	1	0	1	0	H	h	1	2.923	0.978	9.652829692303227	
145020	10	3	3	6	*	4	1	25	25	1	3	1	1	0	R	r	1	4.076	1.057	9.652829692303227	
145020	11	6	1	4	*	7	-5	23	29	0	3	0	1	0	Q	q	1	4.613	1.314	9.652829692303227	
145020	11	6	2	7	/	1	8	15	13	0	1	1	0	0	R	r	1	3.704	0.829	9.652829692303227	
145020	11	6	3	5	*	3	9	24	24	1	2	1	1	0	H	h	1	3.482	0.668	9.652829692303227	
145020	11	6	4	8	*	8	5	69	69	1	4	1	1	0	J	k	0	4.373	0.68	9.652829692303227	
145020	11	6	5	6	*	3	7	25	25	1	2	1	1	0	F	f	1	4.715	0.604	9.652829692303227	
145020	11	6	6	5	*	5	-7	18	23	0	3	0	1	0	Y	y	1	3.595	1.209	9.652829692303227	
145020	12	7	1	5	*	6	1	31	31	1	3	1	1	0	T	k	0	2.974	0.693	9.652829692303227	
145020	12	7	2	6	/	1	3	9	9	1	1	1	1	0	F	h	0	2.659	0.879	9.652829692303227	
145020	12	7	3	3	*	2	-4	2	4	0	1	0	1	0	K	f	0	4.807	0.861	9.652829692303227	
145020	12	7	4	5	*	4	-6	14	20	0	3	0	1	0	H	h	1	5.309	1.213	9.652829692303227	
145020	12	7	5	8	*	2	8	24	24	1	2	1	1	0	J	j	1	4.635	0.598	9.652829692303227	
145020	12	7	6	4	/	1	-1	3	6	0	1	1	0	0	S	s	1	4.091	0.796	9.652829692303227	
145020	12	7	7	6	*	6	4	40	39	0	3	1	0	0	P	p	1	4.56	0.772	9.652829692303227	
145020	13	6	1	4	*	8	-2	30	22	0	3	1	0	0	N	n	1	5.956	0.798	9.652829692303227	
145020	13	6	2	1	*	3	2	5	5	1	1	1	1	0	F	f	1	1.564	0.504	9.652829692303227	
145020	13	6	3	2	/	2	6	7	7	1	1	1	1	0	P	p	1	2.408	0.547	9.652829692303227	
145020	13	6	4	2	*	2	8	12	12	1	1	1	1	0	Y	y	1	4.323	0.812	9.652829692303227	
145020	13	6	5	5	*	2	-4	6	12	0	2	0	1	0	T	t	1	2.814	0.786	9.652829692303227	
145020	13	6	6	4	*	2	9	17	24	0	1	0	1	0	L	l	1	2.455	1.133	9.652829692303227	
145020	14	5	1	9	*	2	-8	10	7	0	2	0	1	0	L	p	0	3.387	0.963	9.652829692303227	
145020	14	5	2	1	*	6	9	15	22	0	1	0	1	0	T	t	1	4.293	1.456	9.652829692303227	
145020	14	5	3	4	/	2	7	9	9	1	1	1	1	0	H	h	1	2.831	0.503	9.652829692303227	
145020	14	5	4	7	*	6	-1	41	41	1	4	0	0	0	J	j	1	2.706	1.137	9.652829692303227	
145020	14	5	5	9	*	4	7	43	43	1	3	1	1	0	Q	q	1	3.937	0.583	9.652829692303227	
145020	15	3	1	7	*	2	-8	6	11	0	2	NA	0	1	Q	q	1	9.652829692303227	0	9.652829692303227	
145020	15	3	2	8	/	2	6	10	9	0	1	0	1	0	H	h	1	4.564	0.846	9.652829692303227	
145020	15	3	3	5	/	1	-4	1	1	1	1	1	1	0	F	f	1	4.406	1.016	9.652829692303227	
145020	16	7	1	6	*	9	-5	49	49	1	4	1	1	0	H	h	1	3.764	0.787	9.652829692303227	
145020	16	7	2	3	*	8	-3	21	21	1	3	1	1	0	K	k	1	3.175	1.011	9.652829692303227	
145020	16	7	3	9	*	9	-1	80	80	1	4	1	1	0	N	n	1	3.81	1.171	9.652829692303227	
145020	16	7	4	8	*	4	-7	25	19	0	3	0	1	0	F	f	1	2.875	0.876	9.652829692303227	
145020	16	7	5	2	*	6	-9	3	5	0	2	1	0	0	L	l	1	2.374	0.679	9.652829692303227	
145020	16	7	6	6	/	6	9	10	16	0	1	0	1	0	Y	p	0	2.826	1.275	9.652829692303227	
145020	16	7	7	3	*	9	-3	24	24	1	3	1	1	0	P	p	1	4.728	0.773	9.652829692303227	
145020	17	4	1	2	*	3	8	14	22	0	1	0	1	0	Y	y	1	5.606	1.003	9.652829692303227	
145020	17	4	2	5	/	5	8	9	9	1	1	1	1	0	K	k	1	1.689	0.58	9.652829692303227	
145020	17	4	3	9	*	8	-9	63	65	0	4	1	0	0	S	s	1	2.155	0.565	9.652829692303227	
145020	17	4	4	2	*	8	9	25	25	1	2	1	1	0	T	t	1	4.12	0.749	9.652829692303227	
