SUBJNO	BLOCKNUM	BLOCKSIZE	NUMINBLOCK	TERM1	OP	TERM2	TERM3	ANSWER	PROBE	PROBETYPE	DIFFIC	MATHRESP	MATHACC	TIMEOUT	TBRLETTER	TYPED	RECALLED	MATHTIME	TFTIME	MAXTIME	
135159	Cal	15	1	7	*	7	7	56	56	1	4	1	1	0	-	NA	-1	3.256	1.247	10	
135159	Cal	15	2	6	/	2	-1	2	8	0	1	0	1	0	-	NA	-1	1.974	1.428	10	
135159	Cal	15	3	7	*	9	8	71	71	1	4	1	1	0	-	NA	-1	6.039	3.198	10	
135159	Cal	15	4	1	*	2	4	6	6	1	1	1	1	0	-	NA	-1	1.657	1.21	10	
135159	Cal	15	5	9	/	1	-6	3	9	0	1	0	1	0	-	NA	-1	1.492	1.321	10	
135159	Cal	15	6	1	*	4	1	5	2	0	1	0	1	0	-	NA	-1	1.734	0.968	10	
135159	Cal	15	7	4	*	6	-9	15	15	1	3	1	1	0	-	NA	-1	5.159	1.659	10	
135159	Cal	15	8	6	*	8	-3	45	37	0	4	0	1	0	-	NA	-1	4.12	1.082	10	
135159	Cal	15	9	5	*	9	3	48	48	1	4	1	1	0	-	NA	-1	3.364	1.301	10	
135159	Cal	15	10	9	/	9	4	5	5	1	1	0	0	0	-	NA	-1	3.585	1.371	10	
135159	Cal	15	11	4	*	9	3	39	41	0	3	0	1	0	-	NA	-1	5.531	1.111	10	
135159	Cal	15	12	3	*	5	4	19	19	1	2	1	1	0	-	NA	-1	2.659	1.039	10	
135159	Cal	15	13	8	/	4	5	7	13	0	1	0	1	0	-	NA	-1	4.544	1.202	10	
135159	Cal	15	14	5	*	8	7	47	54	0	4	0	1	0	-	NA	-1	2.026	0.839	10	
135159	Cal	15	15	6	*	7	5	47	55	0	4	0	1	0	-	NA	-1	2.879	1.791	10	
135159	Prac1	2	1	6	/	3	8	10	10	1	1	1	1	0	N	n	1	2.503	1.265	9.312223889515623	
135159	Prac1	2	2	7	*	5	-4	31	39	0	3	0	1	0	Q	q	1	3.435	1.219	9.312223889515623	
135159	Prac2	3	1	2	*	7	9	23	22	0	2	0	1	0	N	n	1	3.778	1.107	9.312223889515623	
135159	Prac2	3	2	2	*	9	9	27	27	1	2	1	1	0	Q	q	1	5.082	1.076	9.312223889515623	
135159	Prac2	3	3	8	*	7	-9	47	51	0	4	NA	0	1	Y	y	1	9.312223889515623	0	9.312223889515623	
135159	3	6	1	1	*	5	9	14	14	1	1	1	1	0	Q	q	1	2.205	1.061	9.312223889515623	
135159	3	6	2	4	*	3	-8	4	4	1	2	1	1	0	S	s	1	1.828	1.137	9.312223889515623	
135159	3	6	3	7	/	7	3	4	2	0	1	0	1	0	P	p	1	1.896	1.174	9.312223889515623	
135159	3	6	4	1	*	9	5	14	7	0	1	0	1	0	Y	y	1	1.906	1.367	9.312223889515623	
135159	3	6	5	4	/	4	2	3	12	0	1	0	1	0	N	n	1	2.426	0.957	9.312223889515623	
135159	3	6	6	7	*	4	7	35	35	1	3	1	1	0	F	f	1	3.361	0.908	9.312223889515623	
135159	4	4	1	1	/	1	5	6	6	1	1	1	1	0	T	t	1	2.921	0.862	9.312223889515623	
135159	4	4	2	2	/	1	-1	1	9	0	1	0	1	0	R	r	1	2.558	1.189	9.312223889515623	
135159	4	4	3	3	/	1	1	4	6	0	1	0	1	0	K	k	1	1.748	0.906	9.312223889515623	
135159	4	4	4	2	*	5	1	11	11	1	2	1	1	0	P	p	1	1.144	0.974	9.312223889515623	
135159	5	3	1	8	*	6	8	56	62	0	4	0	1	0	Q	q	1	4.46	1.119	9.312223889515623	
135159	5	3	2	1	*	8	-2	6	6	1	1	1	1	0	J	j	1	1.315	1.078	9.312223889515623	
135159	5	3	3	7	*	8	5	61	61	1	4	0	0	0	H	h	1	3.936	1.581	9.312223889515623	
135159	6	5	1	3	*	7	-8	13	13	1	3	1	1	0	H	h	1	4.275	1.124	9.312223889515623	
135159	6	5	2	8	/	8	6	7	7	1	1	1	1	0	T	t	1	1.398	0.674	9.312223889515623	
135159	6	5	3	9	*	5	-6	39	39	1	4	1	1	0	J	j	1	3.215	1.056	9.312223889515623	
135159	6	5	4	8	*	9	2	74	82	0	4	0	1	0	R	r	1	1.996	1.174	9.312223889515623	
135159	6	5	5	4	*	5	9	29	26	0	3	0	1	0	K	k	1	1.363	1.124	9.312223889515623	
135159	7	7	1	5	*	7	9	44	44	1	3	1	1	0	L	l	1	4.048	1.103	9.312223889515623	
135159	7	7	2	4	*	4	-6	10	8	0	2	0	1	0	F	f	1	2.193	1.077	9.312223889515623	
135159	7	7	3	3	/	3	4	5	14	0	1	0	1	0	P	p	1	1.881	0.837	9.312223889515623	
135159	7	7	4	2	*	4	-6	2	3	0	1	0	1	0	N	n	1	1.352	0.786	9.312223889515623	
135159	7	7	5	3	*	6	-6	12	12	1	2	1	1	0	Y	y	1	1.206	1.427	9.312223889515623	
135159	7	7	6	9	*	7	-4	59	59	1	4	1	1	0	S	s	1	3.006	1.059	9.312223889515623	
135159	7	7	7	8	/	1	-1	7	3	0	1	0	1	0	H	h	1	1.806	1.677	9.312223889515623	
135159	8	5	1	3	*	3	9	18	18	1	1	1	1	0	R	r	1	1.633	0.844	9.312223889515623	
135159	8	5	2	6	*	5	2	32	32	1	3	1	1	0	P	p	1	1.079	0.807	9.312223889515623	
135159	8	5	3	7	*	3	-3	18	26	0	3	0	1	0	Q	q	1	1.086	2.128	9.312223889515623	
135159	8	5	4	1	*	7	7	14	14	1	1	1	1	0	L	l	1	1.511	1.113	9.312223889515623	
135159	8	5	5	9	*	3	5	32	23	0	3	0	1	0	S	s	1	4.115	1.291	9.312223889515623	
135159	9	4	1	8	*	3	-2	22	16	0	3	0	1	0	P	p	1	1.597	0.803	9.312223889515623	
135159	9	4	2	9	*	6	-6	48	48	1	4	1	1	0	T	t	1	2.072	0.916	9.312223889515623	
135159	9	4	3	6	*	2	-5	7	9	0	2	0	1	0	H	h	1	2.534	0.94	9.312223889515623	
135159	9	4	4	8	*	5	2	42	42	1	4	1	1	0	Q	q	1	1.985	0.81	9.312223889515623	
135159	10	3	1	3	*	4	-1	11	18	0	2	0	1	0	H	h	1	2.088	1.04	9.312223889515623	
135159	10	3	2	9	/	3	3	6	6	1	1	1	1	0	Y	y	1	2.436	1.036	9.312223889515623	
135159	10	3	3	6	*	4	9	33	35	0	3	0	1	0	K	k	1	2.701	1.339	9.312223889515623	
135159	11	6	1	4	*	7	1	29	27	0	3	0	1	0	L	l	1	1.796	1.249	9.312223889515623	
135159	11	6	2	7	/	1	9	16	16	1	1	1	1	0	P	p	1	4.729	1.097	9.312223889515623	
135159	11	6	3	5	*	3	-7	8	9	0	2	0	1	0	S	s	1	1.675	0.949	9.312223889515623	
135159	11	6	4	8	*	8	1	65	65	1	4	0	0	0	R	t	0	1.31	0.972	9.312223889515623	
135159	11	6	5	6	*	3	2	20	16	0	2	0	1	0	T	j	0	3.715	0.997	9.312223889515623	
135159	11	6	6	5	*	5	8	33	33	1	3	1	1	0	J	-	0	1.359	1.22	9.312223889515623	
135159	12	7	1	5	*	6	-9	21	21	1	3	1	1	0	S	s	1	2.731	0.814	9.312223889515623	
135159	12	7	2	6	/	1	3	9	16	0	1	0	1	0	L	l	1	2.636	1.165	9.312223889515623	
135159	12	7	3	3	*	2	-4	2	2	1	1	1	1	0	T	t	1	2.462	1.192	9.312223889515623	
135159	12	7	4	5	*	4	4	24	27	0	3	0	1	0	H	h	1	1.358	0.918	9.312223889515623	
135159	12	7	5	8	*	2	1	17	16	0	2	0	1	0	R	r	1	1.375	0.959	9.312223889515623	
135159	12	7	6	4	/	1	-1	3	3	1	1	1	1	0	K	k	1	2.132	1.284	9.312223889515623	
135159	12	7	7	6	*	6	-8	28	36	0	3	0	1	0	N	n	1	2.032	1.606	9.312223889515623	
135159	13	6	1	4	*	8	2	34	38	0	3	0	1	0	J	j	1	3.076	1.009	9.312223889515623	
135159	13	6	2	1	*	3	9	12	19	0	1	0	1	0	P	p	1	2.26	0.942	9.312223889515623	
135159	13	6	3	2	/	2	6	7	7	1	1	1	1	0	R	r	1	1.518	0.99	9.312223889515623	
135159	13	6	4	2	*	2	3	7	7	1	1	1	1	0	N	n	1	1.175	1.235	9.312223889515623	
135159	13	6	5	5	*	2	9	19	19	1	2	1	1	0	L	l	1	1.395	0.808	9.312223889515623	
135159	13	6	6	4	*	2	-2	6	12	0	1	0	1	0	K	k	1	1.228	0.822	9.312223889515623	
135159	14	5	1	9	*	2	-3	15	15	1	2	1	1	0	N	n	1	4.11	0.859	9.312223889515623	
135159	14	5	2	1	*	6	7	13	19	0	1	0	1	0	P	p	1	1.75	0.97	9.312223889515623	
135159	14	5	3	4	/	2	6	8	17	0	1	0	1	0	L	l	1	2.557	0.909	9.312223889515623	
135159	14	5	4	7	*	6	2	44	44	1	4	1	1	0	Y	y	1	5.846	1.036	9.312223889515623	
135159	14	5	5	9	*	4	1	37	37	1	3	1	1	0	K	k	1	1.281	0.889	9.312223889515623	
135159	15	3	1	7	*	2	1	15	15	1	2	1	1	0	R	r	1	1.079	0.734	9.312223889515623	
135159	15	3	2	8	/	2	-3	1	1	1	1	0	0	0	Q	q	1	1.986	1.45	9.312223889515623	
135159	15	3	3	5	/	1	8	13	9	0	1	0	1	0	Y	y	1	2.186	1.071	9.312223889515623	
135159	16	7	1	6	*	9	-3	51	51	1	4	1	1	0	Q	q	1	2.79	0.742	9.312223889515623	
135159	16	7	2	3	*	8	-1	23	14	0	3	0	1	0	R	r	1	1.447	0.839	9.312223889515623	
135159	16	7	3	9	*	9	7	88	93	0	4	0	1	0	T	t	1	3.084	2.195	9.312223889515623	
135159	16	7	4	8	*	4	-4	28	28	1	3	1	1	0	J	j	1	2.919	0.8	9.312223889515623	
135159	16	7	5	2	*	6	-1	11	11	1	2	1	1	0	H	l	0	1.16	0.866	9.312223889515623	
135159	16	7	6	6	/	6	5	6	6	1	1	0	0	0	L	h	0	4.168	1.05	9.312223889515623	
135159	16	7	7	3	*	9	2	29	35	0	3	NA	0	1	K	k	1	9.312223889515623	0	9.312223889515623	
135159	17	4	1	2	*	3	5	11	11	1	1	1	1	0	S	s	1	1.343	1.076	9.312223889515623	
135159	17	4	2	5	/	5	1	2	4	0	1	0	1	0	N	n	1	2.232	0.817	9.312223889515623	
135159	17	4	3	9	*	8	7	79	79	1	4	1	1	0	Y	y	1	1.98	0.898	9.312223889515623	
135159	17	4	4	2	*	8	3	19	27	0	2	0	1	0	P	p	1	1.344	1.379	9.312223889515623	
