SUBJNO	BLOCKNUM	BLOCKSIZE	NUMINBLOCK	TERM1	OP	TERM2	TERM3	ANSWER	PROBE	PROBETYPE	DIFFIC	MATHRESP	MATHACC	TIMEOUT	TBRLETTER	TYPED	RECALLED	MATHTIME	TFTIME	MAXTIME	
145151	Cal	15	1	7	*	7	8	57	63	0	4	NA	0	1	-	NA	-1	10	0	10	
145151	Cal	15	2	6	/	2	4	7	13	0	1	0	1	0	-	NA	-1	5.868	1.095	10	
145151	Cal	15	3	7	*	9	-1	62	62	1	4	1	1	0	-	NA	-1	0.139	3.253	10	
145151	Cal	15	4	1	*	2	1	3	7	0	1	0	1	0	-	NA	-1	2.693	1.34	10	
145151	Cal	15	5	9	/	1	3	12	16	0	1	0	1	0	-	NA	-1	3.03	0.975	10	
145151	Cal	15	6	1	*	4	5	9	9	1	1	1	1	0	-	NA	-1	2.746	0.984	10	
145151	Cal	15	7	4	*	6	-4	20	20	1	3	1	1	0	-	NA	-1	3.134	1.09	10	
145151	Cal	15	8	6	*	8	-3	45	43	0	4	0	1	0	-	NA	-1	4.777	1.017	10	
145151	Cal	15	9	5	*	9	4	49	49	1	4	1	1	0	-	NA	-1	2.933	1.136	10	
145151	Cal	15	10	9	/	9	5	6	6	1	1	1	1	0	-	NA	-1	2.204	0.904	10	
145151	Cal	15	11	4	*	9	3	39	48	0	3	0	1	0	-	NA	-1	3.293	1.187	10	
145151	Cal	15	12	3	*	5	-1	14	12	0	2	0	1	0	-	NA	-1	2.945	1.115	10	
145151	Cal	15	13	8	/	4	5	7	7	1	1	1	1	0	-	NA	-1	2.519	0.677	10	
145151	Cal	15	14	5	*	8	-4	36	36	1	4	1	1	0	-	NA	-1	3.03	0.93	10	
145151	Cal	15	15	6	*	7	-7	35	36	0	4	0	1	0	-	NA	-1	5.623	1.253	10	
145151	Prac1	2	1	6	/	3	9	11	11	1	1	0	0	0	F	f	1	2.993	1.053	9.4707247446465	
145151	Prac1	2	2	7	*	5	9	44	37	0	3	0	1	0	S	s	1	3.059	0.792	9.4707247446465	
145151	Prac2	3	1	2	*	7	4	18	15	0	2	0	1	0	J	j	1	1.835	0.926	9.4707247446465	
145151	Prac2	3	2	2	*	9	-9	9	9	1	2	1	1	0	R	r	1	1.835	0.75	9.4707247446465	
145151	Prac2	3	3	8	*	7	-2	54	54	1	4	1	1	0	Q	q	1	3.621	1.228	9.4707247446465	
145151	3	6	1	1	*	5	-2	3	3	1	1	1	1	0	H	j	0	1.849	0.856	9.4707247446465	
145151	3	6	2	4	*	3	8	20	26	0	2	0	1	0	F	f	1	2.195	1.002	9.4707247446465	
145151	3	6	3	7	/	7	1	2	11	0	1	0	1	0	S	s	1	1.937	0.794	9.4707247446465	
145151	3	6	4	1	*	9	6	15	15	1	1	0	0	0	T	t	1	1.785	0.806	9.4707247446465	
145151	3	6	5	4	/	4	5	6	7	0	1	0	1	0	J	j	1	1.607	0.74	9.4707247446465	
145151	3	6	6	7	*	4	-5	23	23	1	3	0	0	0	L	l	1	2.717	1.002	9.4707247446465	
145151	4	4	1	1	/	1	2	3	3	1	1	1	1	0	F	f	1	1.655	0.681	9.4707247446465	
145151	4	4	2	2	/	1	7	9	1	0	1	0	1	0	P	p	1	2.486	1.39	9.4707247446465	
145151	4	4	3	3	/	1	3	6	6	1	1	1	1	0	K	k	1	0.049	1.542	9.4707247446465	
145151	4	4	4	2	*	5	-2	8	6	0	2	0	1	0	T	t	1	1.671	0.726	9.4707247446465	
145151	5	3	1	8	*	6	6	54	54	1	4	1	1	0	P	p	1	2.407	1.017	9.4707247446465	
145151	5	3	2	1	*	8	-3	5	12	0	1	0	1	0	T	t	1	1.333	0.657	9.4707247446465	
145151	5	3	3	7	*	8	-3	53	55	0	4	0	1	0	Y	y	1	1.733	0.788	9.4707247446465	
145151	6	5	1	3	*	7	-7	14	7	0	3	0	1	0	K	k	1	2.967	1.09	9.4707247446465	
145151	6	5	2	8	/	8	1	2	2	1	1	1	1	0	R	r	1	1.455	0.686	9.4707247446465	
145151	6	5	3	9	*	5	-9	36	38	0	4	0	1	0	S	s	1	2.792	1.1	9.4707247446465	
145151	6	5	4	8	*	9	1	73	73	1	4	1	1	0	F	-	0	3.68	0.87	9.4707247446465	
145151	6	5	5	4	*	5	-3	17	17	1	3	1	1	0	H	-	0	3.795	1.811	9.4707247446465	
145151	7	7	1	5	*	7	-4	31	31	1	3	1	1	0	N	n	1	1.686	0.651	9.4707247446465	
145151	7	7	2	4	*	4	-8	8	8	1	2	1	1	0	L	l	1	2.772	1.725	9.4707247446465	
145151	7	7	3	3	/	3	5	6	10	0	1	0	1	0	K	k	1	1.527	1.124	9.4707247446465	
145151	7	7	4	2	*	4	6	14	14	1	1	1	1	0	Q	q	1	1.787	0.755	9.4707247446465	
145151	7	7	5	3	*	6	-7	11	18	0	2	0	1	0	R	r	1	2.401	1.891	9.4707247446465	
145151	7	7	6	9	*	7	7	70	73	0	4	1	0	0	P	p	1	3.434	1.701	9.4707247446465	
145151	7	7	7	8	/	1	-4	4	5	0	1	0	1	0	Y	-	0	1.962	0.712	9.4707247446465	
145151	8	5	1	3	*	3	-1	8	8	1	1	0	0	0	H	h	1	1.989	1.097	9.4707247446465	
145151	8	5	2	6	*	5	-8	22	16	0	3	0	1	0	Q	q	1	3.749	0.812	9.4707247446465	
145151	8	5	3	7	*	3	9	30	30	1	3	1	1	0	N	n	1	2.081	0.611	9.4707247446465	
145151	8	5	4	1	*	7	4	11	3	0	1	0	1	0	Y	y	1	2.148	1.062	9.4707247446465	
145151	8	5	5	9	*	3	-8	19	19	1	3	0	0	0	L	l	1	3.309	0.809	9.4707247446465	
145151	9	4	1	8	*	3	7	31	22	0	3	0	1	0	Y	y	1	3.055	1.176	9.4707247446465	
145151	9	4	2	9	*	6	-7	47	44	0	4	0	1	0	J	j	1	4.667	2.281	9.4707247446465	
145151	9	4	3	6	*	2	-3	9	9	1	2	1	1	0	P	p	1	1.969	0.652	9.4707247446465	
145151	9	4	4	8	*	5	-9	31	31	1	4	1	1	0	S	s	1	4.7	2.47	9.4707247446465	
145151	10	3	1	3	*	4	6	18	18	1	2	1	1	0	N	n	1	2.26	0.862	9.4707247446465	
145151	10	3	2	9	/	3	-1	2	11	0	1	0	1	0	K	k	1	1.984	0.698	9.4707247446465	
145151	10	3	3	6	*	4	-8	16	16	1	3	1	1	0	T	t	1	2.985	0.898	9.4707247446465	
145151	11	6	1	4	*	7	-6	22	22	1	3	1	1	0	P	p	1	2.483	0.711	9.4707247446465	
145151	11	6	2	7	/	1	6	13	13	1	1	1	1	0	J	j	1	1.879	1.421	9.4707247446465	
145151	11	6	3	5	*	3	-5	10	9	0	2	0	1	0	S	s	1	1.968	0.784	9.4707247446465	
145151	11	6	4	8	*	8	7	71	71	1	4	1	1	0	H	t	0	3.683	1.103	9.4707247446465	
145151	11	6	5	6	*	3	-9	9	3	0	2	0	1	0	T	k	0	2.309	1.685	9.4707247446465	
145151	11	6	6	5	*	5	3	28	24	0	3	0	1	0	K	-	0	2.311	1.092	9.4707247446465	
145151	12	7	1	5	*	6	-8	22	19	0	3	0	1	0	T	t	1	2.742	0.761	9.4707247446465	
145151	12	7	2	6	/	1	8	14	14	1	1	1	1	0	R	r	1	1.692	0.958	9.4707247446465	
145151	12	7	3	3	*	2	-4	2	1	0	1	0	1	0	S	s	1	1.639	1.185	9.4707247446465	
145151	12	7	4	5	*	4	4	24	26	0	3	0	1	0	H	h	1	1.826	0.932	9.4707247446465	
145151	12	7	5	8	*	2	8	24	19	0	2	0	1	0	N	n	1	1.996	0.768	9.4707247446465	
145151	12	7	6	4	/	1	-1	3	3	1	1	1	1	0	L	l	1	1.5	0.742	9.4707247446465	
145151	12	7	7	6	*	6	5	41	41	1	3	1	1	0	Q	q	1	2.564	0.672	9.4707247446465	
145151	13	6	1	4	*	8	-1	31	31	1	3	1	1	0	R	r	1	2.658	0.666	9.4707247446465	
145151	13	6	2	1	*	3	-1	2	2	1	1	1	1	0	S	s	1	1.133	0.66	9.4707247446465	
145151	13	6	3	2	/	2	8	9	9	1	1	1	1	0	P	p	1	1.484	0.663	9.4707247446465	
145151	13	6	4	2	*	2	-3	1	10	0	1	0	1	0	Y	y	1	1.706	0.75	9.4707247446465	
145151	13	6	5	5	*	2	-1	9	5	0	2	0	1	0	T	t	1	1.254	0.777	9.4707247446465	
145151	13	6	6	4	*	2	-5	3	6	0	1	0	1	0	Q	q	1	3.909	0.804	9.4707247446465	
145151	14	5	1	9	*	2	-8	10	10	1	2	1	1	0	S	s	1	1.412	1.839	9.4707247446465	
145151	14	5	2	1	*	6	7	13	13	1	1	1	1	0	L	l	1	1.281	0.749	9.4707247446465	
145151	14	5	3	4	/	2	5	7	5	0	1	0	1	0	T	t	1	2.014	0.819	9.4707247446465	
145151	14	5	4	7	*	6	-2	40	44	0	4	0	1	0	F	f	1	2.562	0.717	9.4707247446465	
145151	14	5	5	9	*	4	1	37	41	0	3	0	1	0	H	h	1	2.366	0.799	9.4707247446465	
145151	15	3	1	7	*	2	-2	12	12	1	2	1	1	0	S	s	1	1.609	0.647	9.4707247446465	
145151	15	3	2	8	/	2	6	10	7	0	1	0	1	0	Q	q	1	1.672	0.737	9.4707247446465	
145151	15	3	3	5	/	1	2	7	2	0	1	0	1	0	P	p	1	1.39	0.816	9.4707247446465	
145151	16	7	1	6	*	9	-7	47	47	1	4	0	0	0	F	f	1	4.334	0.995	9.4707247446465	
145151	16	7	2	3	*	8	7	31	31	1	3	1	1	0	L	l	1	2.389	0.584	9.4707247446465	
145151	16	7	3	9	*	9	-2	79	79	1	4	1	1	0	T	t	1	1.417	0.716	9.4707247446465	
145151	16	7	4	8	*	4	-9	23	28	0	3	0	1	0	Q	q	1	3.222	1.412	9.4707247446465	
145151	16	7	5	2	*	6	9	21	18	0	2	0	1	0	S	s	1	1.622	1.188	9.4707247446465	
145151	16	7	6	6	/	6	7	8	9	0	1	0	1	0	R	r	1	1.674	0.764	9.4707247446465	
145151	16	7	7	3	*	9	-7	20	18	0	3	1	0	0	K	-	0	5.165	1.439	9.4707247446465	
145151	17	4	1	2	*	3	6	12	12	1	1	1	1	0	L	l	1	1.854	0.575	9.4707247446465	
145151	17	4	2	5	/	5	3	4	9	0	1	0	1	0	S	s	1	1.223	0.681	9.4707247446465	
145151	17	4	3	9	*	8	-7	65	65	1	4	1	1	0	F	f	1	3.484	1.236	9.4707247446465	
145151	17	4	4	2	*	8	2	18	21	0	2	0	1	0	N	n	1	1.857	0.935	9.4707247446465	
