SUBJNO	BLOCKNUM	BLOCKSIZE	NUMINBLOCK	TERM1	OP	TERM2	TERM3	ANSWER	PROBE	PROBETYPE	DIFFIC	MATHRESP	MATHACC	TIMEOUT	TBRLETTER	TYPED	RECALLED	MATHTIME	TFTIME	MAXTIME	
155128	Cal	15	1	7	*	7	1	50	50	1	4	NA	0	1	-	NA	-1	10	0	10	
155128	Cal	15	2	6	/	2	-2	1	6	0	1	0	1	0	-	NA	-1	2.81	1.21	10	
155128	Cal	15	3	7	*	9	9	72	72	1	4	1	1	0	-	NA	-1	0.174	3.966	10	
155128	Cal	15	4	1	*	2	1	3	8	0	1	0	1	0	-	NA	-1	3.015	0.991	10	
155128	Cal	15	5	9	/	1	4	13	4	0	1	0	1	0	-	NA	-1	1.85	0.845	10	
155128	Cal	15	6	1	*	4	2	6	6	1	1	1	1	0	-	NA	-1	1.879	1.421	10	
155128	Cal	15	7	4	*	6	1	25	25	1	3	1	1	0	-	NA	-1	0.199	1.584	10	
155128	Cal	15	8	6	*	8	9	57	63	0	4	0	1	0	-	NA	-1	4.972	1.499	10	
155128	Cal	15	9	5	*	9	9	54	54	1	4	1	1	0	-	NA	-1	3.561	0.904	10	
155128	Cal	15	10	9	/	9	4	5	5	1	1	1	1	0	-	NA	-1	2.092	0.71	10	
155128	Cal	15	11	4	*	9	-1	35	35	1	3	1	1	0	-	NA	-1	2.919	0.932	10	
155128	Cal	15	12	3	*	5	1	16	25	0	2	0	1	0	-	NA	-1	3.107	0.862	10	
155128	Cal	15	13	8	/	4	5	7	16	0	1	0	1	0	-	NA	-1	3.139	0.934	10	
155128	Cal	15	14	5	*	8	6	46	38	0	4	0	1	0	-	NA	-1	3.75	1.36	10	
155128	Cal	15	15	6	*	7	5	47	42	0	4	0	1	0	-	NA	-1	1.687	1.886	10	
155128	Prac1	2	1	6	/	3	2	4	4	1	1	1	1	0	N	n	1	2.203	1.78	9.061027534	
155128	Prac1	2	2	7	*	5	9	44	50	0	3	0	1	0	J	j	1	5.288	1.297	9.061027534	
155128	Prac2	3	1	2	*	7	-3	11	11	1	2	1	1	0	J	j	1	2.924	1.462	9.061027534	
155128	Prac2	3	2	2	*	9	9	27	27	1	2	1	1	0	P	p	1	4.826	1.491	9.061027534	
155128	Prac2	3	3	8	*	7	6	62	58	0	4	0	1	0	T	t	1	4.542	1.865	9.061027534	
155128	3	6	1	1	*	5	9	14	11	0	1	0	1	0	F	f	1	2.897	1.19	9.061027534	
155128	3	6	2	4	*	3	-2	10	10	1	2	1	1	0	T	t	1	3.788	1.217	9.061027534	
155128	3	6	3	7	/	7	6	7	6	0	1	0	1	0	Q	q	1	2.264	1.297	9.061027534	
155128	3	6	4	1	*	9	3	12	12	1	1	1	1	0	Y	y	1	5.082	1.334	9.061027534	
155128	3	6	5	4	/	4	7	8	11	0	1	0	1	0	S	s	1	3.887	1.047	9.061027534	
155128	3	6	6	7	*	4	-9	19	19	1	3	1	1	0	P	p	1	5.665	1.342	9.061027534	
155128	4	4	1	1	/	1	6	7	7	1	1	1	1	0	Y	y	1	3.34	1.014	9.061027534	
155128	4	4	2	2	/	1	4	6	15	0	1	0	1	0	H	h	1	2.42	0.883	9.061027534	
155128	4	4	3	3	/	1	4	7	7	1	1	1	1	0	P	p	1	4.074	0.995	9.061027534	
155128	4	4	4	2	*	5	7	17	20	0	2	0	1	0	T	t	1	3.216	1.215	9.061027534	
155128	5	3	1	8	*	6	9	57	64	0	4	0	1	0	H	y	0	3.82	0.9	9.061027534	
155128	5	3	2	1	*	8	-1	7	7	1	1	1	1	0	Y	h	0	2.264	1.087	9.061027534	
155128	5	3	3	7	*	8	-7	49	49	1	4	1	1	0	T	t	1	5.423	1.129	9.061027534	
155128	6	5	1	3	*	7	5	26	26	1	3	1	1	0	R	r	1	5.717	1.217	9.061027534	
155128	6	5	2	8	/	8	7	8	12	0	1	0	1	0	Y	y	1	2.192	1.324	9.061027534	
155128	6	5	3	9	*	5	-3	42	49	0	4	0	1	0	P	p	1	2.5	1.224	9.061027534	
155128	6	5	4	8	*	9	-9	63	63	1	4	0	0	0	L	l	1	4.916	1.095	9.061027534	
155128	6	5	5	4	*	5	-2	18	18	1	3	1	1	0	K	k	1	4.606	1.248	9.061027534	
155128	7	7	1	5	*	7	6	41	41	1	3	1	1	0	F	f	1	3.23	0.903	9.061027534	
155128	7	7	2	4	*	4	-5	11	16	0	2	0	1	0	T	t	1	2.424	1.263	9.061027534	
155128	7	7	3	3	/	3	3	4	4	1	1	1	1	0	Y	y	1	3.17	0.811	9.061027534	
155128	7	7	4	2	*	4	4	12	3	0	1	0	1	0	L	l	1	3.186	0.765	9.061027534	
155128	7	7	5	3	*	6	2	20	20	1	2	1	1	0	K	k	1	4.84	0.943	9.061027534	
155128	7	7	6	9	*	7	-5	58	50	0	4	0	1	0	J	j	1	5.184	0.867	9.061027534	
155128	7	7	7	8	/	1	-5	3	2	0	1	0	1	0	S	s	1	5.045	1.223	9.061027534	
155128	8	5	1	3	*	3	9	18	25	0	1	0	1	0	L	l	1	4.472	1.233	9.061027534	
155128	8	5	2	6	*	5	9	39	39	1	3	1	1	0	K	k	1	1.533	1.441	9.061027534	
155128	8	5	3	7	*	3	-5	16	16	1	3	1	1	0	F	f	1	3.938	1.097	9.061027534	
155128	8	5	4	1	*	7	3	10	2	0	1	0	1	0	P	p	1	3.826	1.025	9.061027534	
155128	8	5	5	9	*	3	-9	18	12	0	3	0	1	0	S	s	1	4.261	0.973	9.061027534	
155128	9	4	1	8	*	3	3	27	27	1	3	1	1	0	Y	y	1	6.806	1.009	9.061027534	
155128	9	4	2	9	*	6	-7	47	41	0	4	0	1	0	P	l	0	3.846	0.907	9.061027534	
155128	9	4	3	6	*	2	2	14	17	0	2	NA	0	1	F	p	0	9.061027534	0	9.061027534	
155128	9	4	4	8	*	5	-4	36	36	1	4	1	1	0	T	t	1	3.187	0.983	9.061027534	
155128	10	3	1	3	*	4	4	16	23	0	2	0	1	0	R	r	1	4.37	0.991	9.061027534	
155128	10	3	2	9	/	3	7	10	10	1	1	1	1	0	Q	q	1	1.642	0.826	9.061027534	
155128	10	3	3	6	*	4	-3	21	28	0	3	0	1	0	T	t	1	2.066	0.851	9.061027534	
155128	11	6	1	4	*	7	8	36	36	1	3	NA	0	1	P	p	1	9.061027534	0	9.061027534	
155128	11	6	2	7	/	1	-3	4	4	1	1	1	1	0	H	h	1	2.783	0.818	9.061027534	
155128	11	6	3	5	*	3	5	20	24	0	2	0	1	0	J	j	1	2.705	1.197	9.061027534	
155128	11	6	4	8	*	8	4	68	65	0	4	0	1	0	K	k	1	2.452	1.164	9.061027534	
155128	11	6	5	6	*	3	4	22	27	0	2	0	1	0	R	r	1	3.809	0.892	9.061027534	
155128	11	6	6	5	*	5	6	31	31	1	3	1	1	0	F	f	1	2.519	0.849	9.061027534	
155128	12	7	1	5	*	6	8	38	34	0	3	0	1	0	L	l	1	1.285	0.666	9.061027534	
155128	12	7	2	6	/	1	4	10	10	1	1	1	1	0	T	t	1	1.736	0.871	9.061027534	
155128	12	7	3	3	*	2	-5	1	1	1	1	1	1	0	Q	q	1	2.61	1.775	9.061027534	
155128	12	7	4	5	*	4	-6	14	14	1	3	1	1	0	J	j	1	4.421	1.349	9.061027534	
155128	12	7	5	8	*	2	7	23	30	0	2	0	1	0	N	n	1	3.42	1.047	9.061027534	
155128	12	7	6	4	/	1	9	13	13	1	1	1	1	0	P	p	1	3.561	0.723	9.061027534	
155128	12	7	7	6	*	6	4	40	36	0	3	0	1	0	Y	y	1	3.452	1.982	9.061027534	
155128	13	6	1	4	*	8	-2	30	30	1	3	1	1	0	F	f	1	6.276	1.827	9.061027534	
155128	13	6	2	1	*	3	5	8	8	1	1	1	1	0	S	s	1	1.908	0.977	9.061027534	
155128	13	6	3	2	/	2	6	7	6	0	1	0	1	0	P	p	1	2.063	2.455	9.061027534	
155128	13	6	4	2	*	2	1	5	5	1	1	1	1	0	T	t	1	4.559	0.941	9.061027534	
155128	13	6	5	5	*	2	-3	7	1	0	2	0	1	0	J	j	1	2.803	1.8	9.061027534	
155128	13	6	6	4	*	2	-2	6	9	0	1	0	1	0	N	n	1	1.374	0.909	9.061027534	
155128	14	5	1	9	*	2	7	25	25	1	2	1	1	0	H	h	1	3.263	1.353	9.061027534	
155128	14	5	2	1	*	6	9	15	15	1	1	1	1	0	L	y	0	2.874	1.227	9.061027534	
155128	14	5	3	4	/	2	2	4	1	0	1	1	0	0	J	l	0	2.456	0.672	9.061027534	
155128	14	5	4	7	*	6	-1	41	46	0	4	0	1	0	R	n	0	1.349	2.07	9.061027534	
155128	14	5	5	9	*	4	-9	27	21	0	3	0	1	0	S	k	0	1.985	2.034	9.061027534	
155128	15	3	1	7	*	2	-5	9	7	0	2	0	1	0	Q	q	1	3.422	2.216	9.061027534	
155128	15	3	2	8	/	2	8	12	12	1	1	1	1	0	J	j	1	2.957	0.88	9.061027534	
155128	15	3	3	5	/	1	-1	4	9	0	1	0	1	0	F	f	1	3.587	1.97	9.061027534	
155128	16	7	1	6	*	9	7	61	61	1	4	1	1	0	S	s	1	2.968	2.431	9.061027534	
155128	16	7	2	3	*	8	8	32	36	0	3	1	0	0	Y	y	1	2.376	1.454	9.061027534	
155128	16	7	3	9	*	9	8	89	98	0	4	0	1	0	L	l	1	3.716	1.101	9.061027534	
155128	16	7	4	8	*	4	8	40	40	1	3	1	1	0	P	p	1	2.732	1.781	9.061027534	
155128	16	7	5	2	*	6	2	14	14	1	2	1	1	0	K	k	1	3.142	0.875	9.061027534	
155128	16	7	6	6	/	6	9	10	6	0	1	0	1	0	N	n	1	2.33	1.272	9.061027534	
155128	16	7	7	3	*	9	2	29	35	0	3	0	1	0	H	h	1	3.342	1.907	9.061027534	
155128	17	4	1	2	*	3	-3	3	3	1	1	1	1	0	H	h	1	6.057	1.629	9.061027534	
155128	17	4	2	5	/	5	6	7	7	1	1	1	1	0	F	f	1	2.835	1.2	9.061027534	
155128	17	4	3	9	*	8	-8	64	68	0	4	0	1	0	L	l	1	3.278	1.223	9.061027534	
155128	17	4	4	2	*	8	-9	7	5	0	2	1	0	0	K	k	1	3.852	2.814	9.061027534	
