Subject	BlockNum	BlockSize	NumInBlock	Image	SymmCorrect	SymmResp	SymmAcc	Timeout	Target	TargetResp	Acc	ViewTime	YNTime	MaxTime	
134941	SqPrac1	2	1	NA	NA	NA	NA	NA	8	8	1	NA	NA	10	
134941	SqPrac1	2	2	NA	NA	NA	NA	NA	1	1	1	NA	NA	10	
134941	SqPrac2	3	1	NA	NA	NA	NA	NA	14	14	1	NA	NA	10	
134941	SqPrac2	3	2	NA	NA	NA	NA	NA	1	1	1	NA	NA	10	
134941	SqPrac2	3	3	NA	NA	NA	NA	NA	11	11	1	NA	NA	10	
134941	Symm1	6	1	pracsymm8.bmp	nonsymmetric	0	1	0	NA	NA	NA	2.482	1.265	10	
134941	Symm1	6	2	pracsymm9.bmp	nonsymmetric	0	1	0	NA	NA	NA	1.841	0.87	10	
134941	Symm1	6	3	pracsymm3.bmp	symmetric	1	1	0	NA	NA	NA	1.312	1.102	10	
134941	Symm1	6	4	pracsymm15.bmp	nonsymmetric	1	0	0	NA	NA	NA	0.907	0.567	10	
134941	Symm1	6	5	pracsymm1.bmp	symmetric	1	1	0	NA	NA	NA	1.933	0.696	10	
134941	Symm1	6	6	pracsymm14.bmp	nonsymmetric	0	1	0	NA	NA	NA	2.2	1.31	10	
134941	CombPrac1	2	1	pracsymm12.bmp	nonsymmetric	1	0	0	1	1	1	1.441	1.108	10	
134941	CombPrac1	2	2	pracsymm6.bmp	symmetric	1	1	0	5	5	1	1.852	0.952	10	
134941	CombPrac2	3	1	pracsymm5.bmp	symmetric	1	1	0	16	8	0	1.53	1.233	10	
134941	CombPrac2	3	2	pracsymm2.bmp	symmetric	1	1	0	8	12	0	1.733	0.796	10	
134941	CombPrac2	3	3	pracsymm13.bmp	nonsymmetric	0	1	0	12	16	0	2.898	0.86	10	
134941	1	4	1	symm15.bmp	symmetric	1	1	0	8	8	1	2.53	1.135	4.466355736867093	
134941	1	4	2	symm17.bmp	symmetric	1	1	0	14	14	1	2.56	0.955	4.466355736867093	
134941	1	4	3	symm33.bmp	nonsymmetric	0	1	0	12	12	1	1.764	0.685	4.466355736867093	
134941	1	4	4	symm38.bmp	nonsymmetric	0	1	0	15	15	1	3.637	0.712	4.466355736867093	
134941	2	4	1	symm39.bmp	nonsymmetric	0	1	0	10	14	0	1.941	0.796	4.466355736867093	
134941	2	4	2	symm29.bmp	nonsymmetric	0	1	0	8	12	0	2.812	0.921	4.466355736867093	
134941	2	4	3	symm18.bmp	symmetric	1	1	0	9	4	0	2.654	2.144	4.466355736867093	
134941	2	4	4	symm3.bmp	symmetric	1	1	0	15	15	1	2.904	0.803	4.466355736867093	
134941	3	2	1	symm14.bmp	symmetric	1	1	0	13	14	0	2.344	1.206	4.466355736867093	
134941	3	2	2	symm37.bmp	nonsymmetric	0	1	0	12	12	1	1.635	1.008	4.466355736867093	
134941	4	3	1	symm23.bmp	symmetric	1	1	0	10	9	0	2.391	0.958	4.466355736867093	
134941	4	3	2	symm43.bmp	nonsymmetric	0	1	0	8	12	0	3.062	0.92	4.466355736867093	
134941	4	3	3	symm25.bmp	nonsymmetric	1	0	0	4	4	1	1.53	1.983	4.466355736867093	
134941	5	5	1	symm40.bmp	nonsymmetric	0	1	0	7	7	1	2.283	1.518	4.466355736867093	
134941	5	5	2	symm24.bmp	symmetric	1	1	0	5	9	0	1.625	0.723	4.466355736867093	
134941	5	5	3	symm16.bmp	symmetric	1	1	0	9	8	0	0.761	0.644	4.466355736867093	
134941	5	5	4	symm4.bmp	symmetric	1	1	0	11	15	0	1.229	0.547	4.466355736867093	
134941	5	5	5	symm42.bmp	nonsymmetric	0	1	0	16	0	0	1.189	0.696	4.466355736867093	
134941	6	3	1	symm26.bmp	nonsymmetric	1	0	0	2	14	0	4.658	1.154	4.466355736867093	
134941	6	3	2	symm13.bmp	symmetric	1	1	0	15	7	0	1.259	0.862	4.466355736867093	
134941	6	3	3	symm27.bmp	nonsymmetric	1	0	0	7	5	0	2.804	0.669	4.466355736867093	
134941	7	4	1	symm36.bmp	nonsymmetric	0	1	0	15	15	1	1.785	1.083	4.466355736867093	
134941	7	4	2	symm9.bmp	symmetric	1	1	0	3	3	1	1.094	0.57	4.466355736867093	
134941	7	4	3	symm41.bmp	nonsymmetric	0	1	0	7	undefined	0	3.429	0.796	4.466355736867093	
134941	7	4	4	symm47.bmp	nonsymmetric	1	0	0	8	8	1	2.202	0.896	4.466355736867093	
134941	8	2	1	symm30.bmp	nonsymmetric	1	0	0	1	1	1	2.532	0.961	4.466355736867093	
134941	8	2	2	symm46.bmp	nonsymmetric	0	1	0	14	14	1	3.288	1.151	4.466355736867093	
134941	9	5	1	symm7.bmp	symmetric	1	1	0	5	5	1	5.589	0.656	4.466355736867093	
134941	9	5	2	symm10.bmp	symmetric	1	1	0	16	12	0	2.389	1.602	4.466355736867093	
134941	9	5	3	symm35.bmp	nonsymmetric	0	1	0	14	14	1	0.997	1.046	4.466355736867093	
134941	9	5	4	symm32.bmp	nonsymmetric	0	1	0	15	4	0	3.028	1.37	4.466355736867093	
134941	9	5	5	symm48.bmp	nonsymmetric	1	0	0	4	0	0	0.61	0.817	4.466355736867093	
134941	10	5	1	symm28.bmp	nonsymmetric	0	1	0	8	14	0	3.294	0.8	4.466355736867093	
134941	10	5	2	symm31.bmp	nonsymmetric	1	0	0	12	11	0	3.614	1.074	4.466355736867093	
134941	10	5	3	symm12.bmp	symmetric	1	1	0	16	undefined	0	2.203	1.313	4.466355736867093	
134941	10	5	4	symm44.bmp	nonsymmetric	0	1	0	5	undefined	0	1.281	0.933	4.466355736867093	
134941	10	5	5	symm34.bmp	nonsymmetric	0	1	0	2	undefined	0	0.862	0.869	4.466355736867093	
134941	11	3	1	symm19.bmp	symmetric	1	1	0	16	16	1	4.604	2.592	4.466355736867093	
134941	11	3	2	symm8.bmp	symmetric	1	1	0	14	13	0	1.747	0.999	4.466355736867093	
134941	11	3	3	symm22.bmp	symmetric	1	1	0	13	13	1	1.172	0.741	4.466355736867093	
134941	12	2	1	symm45.bmp	nonsymmetric	0	1	0	3	3	1	1.329	0.9	4.466355736867093	
134941	12	2	2	symm11.bmp	symmetric	1	1	0	13	13	1	1.221	0.843	4.466355736867093	
