Subject	BlockNum	BlockSize	NumInBlock	Image	SymmCorrect	SymmResp	SymmAcc	Timeout	Target	TargetResp	Acc	ViewTime	YNTime	MaxTime	
105525	SqPrac1	2	1	NA	NA	NA	NA	NA	8	8	1	NA	NA	10	
105525	SqPrac1	2	2	NA	NA	NA	NA	NA	4	4	1	NA	NA	10	
105525	SqPrac2	3	1	NA	NA	NA	NA	NA	14	14	1	NA	NA	10	
105525	SqPrac2	3	2	NA	NA	NA	NA	NA	4	4	1	NA	NA	10	
105525	SqPrac2	3	3	NA	NA	NA	NA	NA	8	8	1	NA	NA	10	
105525	Symm1	6	1	pracsymm1.bmp	symmetric	1	1	0	NA	NA	NA	5.618	1.579	10	
105525	Symm1	6	2	pracsymm9.bmp	nonsymmetric	0	1	0	NA	NA	NA	1.248	0.915	10	
105525	Symm1	6	3	pracsymm3.bmp	symmetric	1	1	0	NA	NA	NA	2.03	1.281	10	
105525	Symm1	6	4	pracsymm12.bmp	nonsymmetric	0	1	0	NA	NA	NA	1.634	1.331	10	
105525	Symm1	6	5	pracsymm10.bmp	nonsymmetric	0	1	0	NA	NA	NA	2.581	1.383	10	
105525	Symm1	6	6	pracsymm11.bmp	nonsymmetric	0	1	0	NA	NA	NA	5.631	0.912	10	
105525	CombPrac1	2	1	pracsymm14.bmp	nonsymmetric	0	1	0	8	8	1	1.604	1.653	10	
105525	CombPrac1	2	2	pracsymm4.bmp	symmetric	1	1	0	12	12	1	2.29	0.933	10	
105525	CombPrac2	3	1	pracsymm13.bmp	nonsymmetric	0	1	0	6	6	1	3.294	1.055	10	
105525	CombPrac2	3	2	pracsymm7.bmp	symmetric	1	1	0	5	5	1	1.23	1.194	10	
105525	CombPrac2	3	3	pracsymm8.bmp	nonsymmetric	0	1	0	4	4	1	1.923	1.659	10	
105525	1	3	1	symm43.bmp	nonsymmetric	0	1	0	14	14	1	2.469	1.098	7.895401556242384	
105525	1	3	2	symm27.bmp	nonsymmetric	0	1	0	1	5	0	1.696	0.93	7.895401556242384	
105525	1	3	3	symm8.bmp	symmetric	1	1	0	2	2	1	1.109	0.837	7.895401556242384	
105525	2	2	1	symm29.bmp	nonsymmetric	0	1	0	16	16	1	1.908	0.692	7.895401556242384	
105525	2	2	2	symm44.bmp	nonsymmetric	0	1	0	9	9	1	1.05	0.85	7.895401556242384	
105525	3	5	1	symm36.bmp	nonsymmetric	0	1	0	9	undefined	0	1.366	1.12	7.895401556242384	
105525	3	5	2	symm20.bmp	symmetric	1	1	0	10	14	0	2.445	0.598	7.895401556242384	
105525	3	5	3	symm13.bmp	symmetric	0	0	0	4	9	0	1.587	1.056	7.895401556242384	
105525	3	5	4	symm47.bmp	nonsymmetric	0	1	0	13	6	0	1.016	0.916	7.895401556242384	
105525	3	5	5	symm6.bmp	symmetric	0	0	0	6	4	0	0.674	1.343	7.895401556242384	
105525	4	4	1	symm40.bmp	nonsymmetric	0	1	0	3	3	1	3.092	0.693	7.895401556242384	
105525	4	4	2	symm38.bmp	nonsymmetric	0	1	0	2	2	1	1.486	1.333	7.895401556242384	
105525	4	4	3	symm22.bmp	symmetric	1	1	0	12	16	0	1.828	0.804	7.895401556242384	
105525	4	4	4	symm4.bmp	symmetric	1	1	0	7	7	1	1.744	0.899	7.895401556242384	
105525	5	4	1	symm42.bmp	nonsymmetric	0	1	0	13	13	1	1.236	0.963	7.895401556242384	
105525	5	4	2	symm41.bmp	nonsymmetric	0	1	0	14	14	1	1.657	0.778	7.895401556242384	
105525	5	4	3	symm12.bmp	symmetric	1	1	0	6	6	1	1.125	0.892	7.895401556242384	
105525	5	4	4	symm32.bmp	nonsymmetric	0	1	0	4	4	1	1.048	0.868	7.895401556242384	
105525	6	5	1	symm17.bmp	symmetric	1	1	0	16	16	1	4.119	0.898	7.895401556242384	
105525	6	5	2	symm45.bmp	nonsymmetric	0	1	0	11	11	1	4.243	0.986	7.895401556242384	
105525	6	5	3	symm35.bmp	nonsymmetric	0	1	0	13	14	0	1.243	0.882	7.895401556242384	
105525	6	5	4	symm7.bmp	symmetric	1	1	0	6	6	1	1.767	0.951	7.895401556242384	
105525	6	5	5	symm14.bmp	symmetric	1	1	0	8	8	1	1.276	0.847	7.895401556242384	
105525	7	2	1	symm24.bmp	symmetric	1	1	0	10	10	1	0.879	1.397	7.895401556242384	
105525	7	2	2	symm16.bmp	symmetric	1	1	0	15	15	1	0.876	0.871	7.895401556242384	
105525	8	2	1	symm25.bmp	nonsymmetric	0	1	0	9	9	1	1.252	3.265	7.895401556242384	
105525	8	2	2	symm31.bmp	nonsymmetric	0	1	0	13	13	1	1.26	0.767	7.895401556242384	
105525	9	3	1	symm9.bmp	symmetric	1	1	0	13	13	1	0.813	0.664	7.895401556242384	
105525	9	3	2	symm39.bmp	nonsymmetric	0	1	0	5	5	1	0.657	0.858	7.895401556242384	
105525	9	3	3	symm19.bmp	symmetric	1	1	0	9	9	1	0.922	0.908	7.895401556242384	
105525	10	5	1	symm26.bmp	nonsymmetric	0	1	0	14	14	1	2.393	0.844	7.895401556242384	
105525	10	5	2	symm46.bmp	nonsymmetric	0	1	0	11	11	1	0.753	0.649	7.895401556242384	
105525	10	5	3	symm30.bmp	nonsymmetric	0	1	0	2	2	1	1.042	0.881	7.895401556242384	
105525	10	5	4	symm28.bmp	nonsymmetric	0	1	0	1	5	0	1.026	0.767	7.895401556242384	
105525	10	5	5	symm5.bmp	symmetric	1	1	0	5	0	0	1.213	0.914	7.895401556242384	
105525	11	3	1	symm15.bmp	symmetric	1	1	0	15	15	1	2.144	1.167	7.895401556242384	
105525	11	3	2	symm34.bmp	nonsymmetric	0	1	0	14	14	1	1.206	0.836	7.895401556242384	
105525	11	3	3	symm1.bmp	symmetric	1	1	0	11	11	1	0.85	0.808	7.895401556242384	
105525	12	4	1	symm48.bmp	nonsymmetric	0	1	0	5	5	1	0.987	0.968	7.895401556242384	
105525	12	4	2	symm18.bmp	symmetric	1	1	0	9	9	1	1.578	0.97	7.895401556242384	
105525	12	4	3	symm3.bmp	symmetric	1	1	0	16	16	1	0.891	1.02	7.895401556242384	
105525	12	4	4	symm21.bmp	symmetric	1	1	0	3	3	1	1.206	0.962	7.895401556242384	
