Subject	BlockNum	BlockSize	NumInBlock	Image	SymmCorrect	SymmResp	SymmAcc	Timeout	Target	TargetResp	Acc	ViewTime	YNTime	MaxTime	
145709	SqPrac1	2	1	NA	NA	NA	NA	NA	16	16	1	NA	NA	10	
145709	SqPrac1	2	2	NA	NA	NA	NA	NA	10	10	1	NA	NA	10	
145709	SqPrac2	3	1	NA	NA	NA	NA	NA	2	2	1	NA	NA	10	
145709	SqPrac2	3	2	NA	NA	NA	NA	NA	6	6	1	NA	NA	10	
145709	SqPrac2	3	3	NA	NA	NA	NA	NA	1	1	1	NA	NA	10	
145709	Symm1	6	1	pracsymm15.bmp	nonsymmetric	0	1	0	NA	NA	NA	2.927	1.329	10	
145709	Symm1	6	2	pracsymm12.bmp	nonsymmetric	0	1	0	NA	NA	NA	4.356	0.949	10	
145709	Symm1	6	3	pracsymm4.bmp	symmetric	1	1	0	NA	NA	NA	1.018	1.533	10	
145709	Symm1	6	4	pracsymm8.bmp	nonsymmetric	1	0	0	NA	NA	NA	3.896	1.224	10	
145709	Symm1	6	5	pracsymm10.bmp	nonsymmetric	0	1	0	NA	NA	NA	4.006	0.729	10	
145709	Symm1	6	6	pracsymm7.bmp	symmetric	1	1	0	NA	NA	NA	1.218	1.52	10	
145709	CombPrac1	2	1	pracsymm6.bmp	symmetric	1	1	0	11	15	0	2.837	1.151	10	
145709	CombPrac1	2	2	pracsymm1.bmp	symmetric	1	1	0	4	4	1	2.895	0.98	10	
145709	CombPrac2	3	1	pracsymm3.bmp	symmetric	1	1	0	14	14	1	1.463	0.867	10	
145709	CombPrac2	3	2	pracsymm9.bmp	nonsymmetric	0	1	0	13	13	1	1.801	1.146	10	
145709	CombPrac2	3	3	pracsymm2.bmp	symmetric	1	1	0	15	15	1	1.11	1.108	10	
145709	1	5	1	symm18.bmp	symmetric	1	1	0	3	3	1	0.782	0.835	6.4854323532691875	
145709	1	5	2	symm14.bmp	symmetric	0	0	0	5	5	1	0.921	1.15	6.4854323532691875	
145709	1	5	3	symm35.bmp	nonsymmetric	0	1	0	6	6	1	0.938	1.513	6.4854323532691875	
145709	1	5	4	symm23.bmp	symmetric	1	1	0	14	14	1	0.883	1.154	6.4854323532691875	
145709	1	5	5	symm6.bmp	symmetric	1	1	0	16	16	1	2.55	1.322	6.4854323532691875	
145709	2	2	1	symm45.bmp	nonsymmetric	0	1	0	13	13	1	1.899	1.267	6.4854323532691875	
145709	2	2	2	symm10.bmp	symmetric	1	1	0	9	9	1	0.954	0.685	6.4854323532691875	
145709	3	4	1	symm26.bmp	nonsymmetric	0	1	0	4	4	1	1.871	1.041	6.4854323532691875	
145709	3	4	2	symm15.bmp	symmetric	1	1	0	12	8	0	0.892	0.851	6.4854323532691875	
145709	3	4	3	symm34.bmp	nonsymmetric	0	1	0	15	15	1	4.129	0.973	6.4854323532691875	
145709	3	4	4	symm11.bmp	symmetric	1	1	0	11	11	1	1.856	1.05	6.4854323532691875	
145709	4	5	1	symm32.bmp	nonsymmetric	0	1	0	13	3	0	1.016	0.913	6.4854323532691875	
145709	4	5	2	symm5.bmp	symmetric	1	1	0	15	15	1	0.934	0.743	6.4854323532691875	
145709	4	5	3	symm17.bmp	symmetric	1	1	0	3	9	0	1.48	1.092	6.4854323532691875	
145709	4	5	4	symm9.bmp	symmetric	1	1	0	5	2	0	0.904	0.766	6.4854323532691875	
145709	4	5	5	symm38.bmp	nonsymmetric	0	1	0	1	1	1	1.177	0.859	6.4854323532691875	
145709	5	3	1	symm28.bmp	nonsymmetric	1	0	0	7	7	1	0.755	1.216	6.4854323532691875	
145709	5	3	2	symm41.bmp	nonsymmetric	0	1	0	9	9	1	0.833	1.212	6.4854323532691875	
145709	5	3	3	symm48.bmp	nonsymmetric	1	0	0	4	4	1	1.1	0.629	6.4854323532691875	
145709	6	2	1	symm30.bmp	nonsymmetric	1	0	0	16	16	1	0.951	0.649	6.4854323532691875	
145709	6	2	2	symm43.bmp	nonsymmetric	0	1	0	8	8	1	0.75	0.638	6.4854323532691875	
145709	7	3	1	symm21.bmp	symmetric	1	1	0	9	16	0	1.297	1.443	6.4854323532691875	
145709	7	3	2	symm37.bmp	nonsymmetric	0	1	0	12	12	1	1.565	1.316	6.4854323532691875	
145709	7	3	3	symm3.bmp	symmetric	1	1	0	6	6	1	0.965	0.741	6.4854323532691875	
145709	8	2	1	symm46.bmp	nonsymmetric	0	1	0	9	9	1	2.155	0.809	6.4854323532691875	
145709	8	2	2	symm16.bmp	symmetric	1	1	0	16	16	1	0.908	0.78	6.4854323532691875	
145709	9	4	1	symm36.bmp	nonsymmetric	0	1	0	3	3	1	1.987	0.987	6.4854323532691875	
145709	9	4	2	symm29.bmp	nonsymmetric	0	1	0	12	12	1	1.682	0.935	6.4854323532691875	
145709	9	4	3	symm44.bmp	nonsymmetric	0	1	0	5	5	1	1.203	1.187	6.4854323532691875	
145709	9	4	4	symm13.bmp	symmetric	1	1	0	7	7	1	1.252	0.753	6.4854323532691875	
145709	10	5	1	symm47.bmp	nonsymmetric	0	1	0	8	11	0	1.923	1.073	6.4854323532691875	
145709	10	5	2	symm7.bmp	symmetric	1	1	0	10	8	0	0.86	0.712	6.4854323532691875	
145709	10	5	3	symm1.bmp	symmetric	0	0	0	1	1	1	0.924	1.466	6.4854323532691875	
145709	10	5	4	symm27.bmp	nonsymmetric	1	0	0	5	5	1	1.179	0.577	6.4854323532691875	
145709	10	5	5	symm2.bmp	symmetric	1	1	0	13	13	1	2.794	0.882	6.4854323532691875	
145709	11	4	1	symm19.bmp	symmetric	1	1	0	3	3	1	0.856	1.384	6.4854323532691875	
145709	11	4	2	symm8.bmp	symmetric	1	1	0	9	9	1	1.2	0.569	6.4854323532691875	
145709	11	4	3	symm25.bmp	nonsymmetric	0	1	0	13	13	1	1.226	1.185	6.4854323532691875	
145709	11	4	4	symm22.bmp	symmetric	1	1	0	15	15	1	1.047	0.563	6.4854323532691875	
145709	12	3	1	symm40.bmp	nonsymmetric	0	1	0	3	3	1	0.991	0.814	6.4854323532691875	
145709	12	3	2	symm20.bmp	symmetric	1	1	0	1	1	1	0.803	1.175	6.4854323532691875	
145709	12	3	3	symm4.bmp	symmetric	1	1	0	9	9	1	1.097	0.83	6.4854323532691875	
