Subject	BlockNum	BlockSize	NumInBlock	Image	SymmCorrect	SymmResp	SymmAcc	Timeout	Target	TargetResp	Acc	ViewTime	YNTime	MaxTime	
125525	SqPrac1	2	1	NA	NA	NA	NA	NA	6	6	1	NA	NA	10	
125525	SqPrac1	2	2	NA	NA	NA	NA	NA	10	10	1	NA	NA	10	
125525	SqPrac2	3	1	NA	NA	NA	NA	NA	11	11	1	NA	NA	10	
125525	SqPrac2	3	2	NA	NA	NA	NA	NA	3	3	1	NA	NA	10	
125525	SqPrac2	3	3	NA	NA	NA	NA	NA	16	16	1	NA	NA	10	
125525	Symm1	6	1	pracsymm13.bmp	nonsymmetric	0	1	0	NA	NA	NA	6.291	1.15	10	
125525	Symm1	6	2	pracsymm10.bmp	nonsymmetric	0	1	0	NA	NA	NA	1.375	0.675	10	
125525	Symm1	6	3	pracsymm5.bmp	symmetric	1	1	0	NA	NA	NA	1.065	0.783	10	
125525	Symm1	6	4	pracsymm6.bmp	symmetric	1	1	0	NA	NA	NA	1.173	0.725	10	
125525	Symm1	6	5	pracsymm1.bmp	symmetric	1	1	0	NA	NA	NA	0.848	0.6	10	
125525	Symm1	6	6	pracsymm9.bmp	nonsymmetric	0	1	0	NA	NA	NA	0.898	0.593	10	
125525	CombPrac1	2	1	pracsymm14.bmp	nonsymmetric	1	0	0	7	7	1	1.872	1.139	10	
125525	CombPrac1	2	2	pracsymm7.bmp	symmetric	1	1	0	11	11	1	1.837	0.737	10	
125525	CombPrac2	3	1	pracsymm3.bmp	symmetric	1	1	0	14	14	1	0.82	0.743	10	
125525	CombPrac2	3	2	pracsymm2.bmp	symmetric	1	1	0	1	1	1	0.867	0.781	10	
125525	CombPrac2	3	3	pracsymm8.bmp	nonsymmetric	1	0	0	9	9	1	1.054	0.642	10	
125525	1	3	1	symm46.bmp	nonsymmetric	0	1	0	1	1	1	1.615	0.754	6.753208065412698	
125525	1	3	2	symm44.bmp	nonsymmetric	0	1	0	16	16	1	1.008	0.601	6.753208065412698	
125525	1	3	3	symm12.bmp	symmetric	1	1	0	11	11	1	1.313	0.468	6.753208065412698	
125525	2	4	1	symm5.bmp	symmetric	1	1	0	5	5	1	0.986	0.686	6.753208065412698	
125525	2	4	2	symm36.bmp	nonsymmetric	0	1	0	3	3	1	1.493	0.912	6.753208065412698	
125525	2	4	3	symm39.bmp	nonsymmetric	0	1	0	16	12	0	0.972	0.818	6.753208065412698	
125525	2	4	4	symm31.bmp	nonsymmetric	0	1	0	10	14	0	2.067	0.905	6.753208065412698	
125525	3	4	1	symm18.bmp	symmetric	1	1	0	15	15	1	1.706	0.918	6.753208065412698	
125525	3	4	2	symm10.bmp	symmetric	1	1	0	10	10	1	0.84	1.413	6.753208065412698	
125525	3	4	3	symm47.bmp	nonsymmetric	0	1	0	5	5	1	1.453	0.674	6.753208065412698	
125525	3	4	4	symm21.bmp	symmetric	1	1	0	16	16	1	1.08	0.681	6.753208065412698	
125525	4	2	1	symm23.bmp	symmetric	1	1	0	14	14	1	1.122	0.83	6.753208065412698	
125525	4	2	2	symm37.bmp	nonsymmetric	0	1	0	2	2	1	3.235	0.634	6.753208065412698	
125525	5	2	1	symm43.bmp	nonsymmetric	0	1	0	11	11	1	0.951	0.747	6.753208065412698	
125525	5	2	2	symm30.bmp	nonsymmetric	1	0	0	14	14	1	1.072	0.933	6.753208065412698	
125525	6	5	1	symm45.bmp	nonsymmetric	0	1	0	15	16	0	2.162	1.085	6.753208065412698	
125525	6	5	2	symm28.bmp	nonsymmetric	1	0	0	6	10	0	2.246	0.671	6.753208065412698	
125525	6	5	3	symm40.bmp	nonsymmetric	0	1	0	16	3	0	2.422	1.222	6.753208065412698	
125525	6	5	4	symm1.bmp	symmetric	1	1	0	3	undefined	0	1.861	0.714	6.753208065412698	
125525	6	5	5	symm15.bmp	symmetric	1	1	0	5	5	1	1.381	1.414	6.753208065412698	
125525	7	5	1	symm25.bmp	nonsymmetric	0	1	0	5	5	1	2.384	0.984	6.753208065412698	
125525	7	5	2	symm17.bmp	symmetric	1	1	0	7	7	1	1.258	0.959	6.753208065412698	
125525	7	5	3	symm14.bmp	symmetric	1	1	0	14	15	0	1.337	0.618	6.753208065412698	
125525	7	5	4	symm2.bmp	symmetric	1	1	0	15	14	0	1.378	0.496	6.753208065412698	
125525	7	5	5	symm29.bmp	nonsymmetric	0	1	0	4	4	1	1.403	1.043	6.753208065412698	
125525	8	3	1	symm16.bmp	symmetric	1	1	0	4	4	1	2.552	0.817	6.753208065412698	
125525	8	3	2	symm20.bmp	symmetric	1	1	0	8	8	1	0.86	0.506	6.753208065412698	
125525	8	3	3	symm32.bmp	nonsymmetric	0	1	0	15	15	1	0.862	0.705	6.753208065412698	
125525	9	5	1	symm41.bmp	nonsymmetric	0	1	0	14	14	1	0.953	0.658	6.753208065412698	
125525	9	5	2	symm4.bmp	symmetric	1	1	0	2	2	1	3.3	0.742	6.753208065412698	
125525	9	5	3	symm42.bmp	nonsymmetric	0	1	0	12	12	1	1.297	0.651	6.753208065412698	
125525	9	5	4	symm48.bmp	nonsymmetric	1	0	0	4	4	1	2.173	1.002	6.753208065412698	
125525	9	5	5	symm9.bmp	symmetric	1	1	0	7	7	1	1.285	0.489	6.753208065412698	
125525	10	2	1	symm7.bmp	symmetric	1	1	0	1	1	1	1.545	0.735	6.753208065412698	
125525	10	2	2	symm19.bmp	symmetric	1	1	0	12	12	1	0.963	0.612	6.753208065412698	
125525	11	4	1	symm35.bmp	nonsymmetric	1	0	0	9	9	1	1.158	0.86	6.753208065412698	
125525	11	4	2	symm34.bmp	nonsymmetric	0	1	0	10	10	1	0.915	0.589	6.753208065412698	
125525	11	4	3	symm38.bmp	nonsymmetric	0	1	0	15	15	1	1.174	0.902	6.753208065412698	
125525	11	4	4	symm6.bmp	symmetric	1	1	0	7	7	1	1.141	0.7	6.753208065412698	
125525	12	3	1	symm27.bmp	nonsymmetric	0	1	0	7	7	1	1.237	0.618	6.753208065412698	
125525	12	3	2	symm13.bmp	symmetric	1	1	0	4	4	1	0.794	0.624	6.753208065412698	
125525	12	3	3	symm22.bmp	symmetric	1	1	0	6	6	1	0.736	0.676	6.753208065412698	
