Subject	BlockNum	BlockSize	NumInBlock	Image	SymmCorrect	SymmResp	SymmAcc	Timeout	Target	TargetResp	Acc	ViewTime	YNTime	MaxTime	
150212	SqPrac1	2	1	NA	NA	NA	NA	NA	3	3	1	NA	NA	10	
150212	SqPrac1	2	2	NA	NA	NA	NA	NA	10	10	1	NA	NA	10	
150212	SqPrac2	3	1	NA	NA	NA	NA	NA	10	10	1	NA	NA	10	
150212	SqPrac2	3	2	NA	NA	NA	NA	NA	13	13	1	NA	NA	10	
150212	SqPrac2	3	3	NA	NA	NA	NA	NA	5	5	1	NA	NA	10	
150212	Symm1	6	1	pracsymm6.bmp	symmetric	1	1	0	NA	NA	NA	1.343	1.161	10	
150212	Symm1	6	2	pracsymm5.bmp	symmetric	1	1	0	NA	NA	NA	3.026	0.787	10	
150212	Symm1	6	3	pracsymm4.bmp	symmetric	1	1	0	NA	NA	NA	1.108	0.969	10	
150212	Symm1	6	4	pracsymm13.bmp	nonsymmetric	0	1	0	NA	NA	NA	3.541	0.89	10	
150212	Symm1	6	5	pracsymm11.bmp	nonsymmetric	0	1	0	NA	NA	NA	3.413	0.969	10	
150212	Symm1	6	6	pracsymm8.bmp	nonsymmetric	0	1	0	NA	NA	NA	2.861	1.361	10	
150212	CombPrac1	2	1	pracsymm12.bmp	nonsymmetric	NA	0	1	14	12	0	10	0	10	
150212	CombPrac1	2	2	pracsymm1.bmp	symmetric	1	1	0	12	0	0	3.827	1.852	10	
150212	CombPrac2	3	1	pracsymm15.bmp	nonsymmetric	0	1	0	13	13	1	3.624	0.969	10	
150212	CombPrac2	3	2	pracsymm7.bmp	symmetric	1	1	0	15	15	1	4.419	1.617	10	
150212	CombPrac2	3	3	pracsymm2.bmp	symmetric	1	1	0	6	6	1	2.982	0.562	10	
150212	1	5	1	symm45.bmp	nonsymmetric	0	1	0	4	4	1	2.297	0.765	9.96853495563536	
150212	1	5	2	symm29.bmp	nonsymmetric	0	1	0	3	3	1	8.114	0.588	9.96853495563536	
150212	1	5	3	symm39.bmp	nonsymmetric	0	1	0	16	16	1	14.509	0.894	9.96853495563536	
150212	1	5	4	symm8.bmp	symmetric	1	1	0	8	6	0	1.158	0.592	9.96853495563536	
150212	1	5	5	symm22.bmp	symmetric	1	1	0	6	0	0	4.879	0.746	9.96853495563536	
150212	2	2	1	symm25.bmp	nonsymmetric	0	1	0	10	10	1	9.037	0.665	9.96853495563536	
150212	2	2	2	symm30.bmp	nonsymmetric	0	1	0	6	6	1	2.422	0.627	9.96853495563536	
150212	3	5	1	symm5.bmp	symmetric	1	1	0	6	6	1	5.291	0.565	9.96853495563536	
150212	3	5	2	symm2.bmp	symmetric	1	1	0	15	16	0	1.455	0.73	9.96853495563536	
150212	3	5	3	symm44.bmp	nonsymmetric	0	1	0	16	10	0	1.734	0.708	9.96853495563536	
150212	3	5	4	symm6.bmp	symmetric	1	1	0	10	3	0	1.243	1.049	9.96853495563536	
150212	3	5	5	symm3.bmp	symmetric	1	1	0	3	0	0	1.074	0.465	9.96853495563536	
150212	4	3	1	symm32.bmp	nonsymmetric	0	1	0	15	15	1	4.064	0.608	9.96853495563536	
150212	4	3	2	symm28.bmp	nonsymmetric	0	1	0	5	6	0	9.815	0.837	9.96853495563536	
150212	4	3	3	symm31.bmp	nonsymmetric	0	1	0	16	16	1	2.763	0.967	9.96853495563536	
150212	5	5	1	symm19.bmp	symmetric	1	1	0	7	11	0	2.77	1.402	9.96853495563536	
150212	5	5	2	symm14.bmp	symmetric	1	1	0	15	15	1	2.608	1.255	9.96853495563536	
150212	5	5	3	symm10.bmp	symmetric	1	1	0	10	10	1	3.512	0.572	9.96853495563536	
150212	5	5	4	symm4.bmp	symmetric	1	1	0	11	11	1	3.54	0.72	9.96853495563536	
150212	5	5	5	symm40.bmp	nonsymmetric	0	1	0	12	12	1	6.019	1.03	9.96853495563536	
150212	6	2	1	symm20.bmp	symmetric	1	1	0	8	7	0	2.191	0.777	9.96853495563536	
150212	6	2	2	symm24.bmp	symmetric	1	1	0	14	14	1	5.758	0.843	9.96853495563536	
150212	7	4	1	symm17.bmp	symmetric	1	1	0	15	15	1	3.513	0.823	9.96853495563536	
150212	7	4	2	symm16.bmp	symmetric	1	1	0	2	2	1	2.852	0.559	9.96853495563536	
150212	7	4	3	symm12.bmp	symmetric	1	1	0	3	3	1	1.939	0.762	9.96853495563536	
150212	7	4	4	symm33.bmp	nonsymmetric	1	0	0	14	14	1	2.782	0.684	9.96853495563536	
150212	8	2	1	symm26.bmp	nonsymmetric	0	1	0	15	15	1	1.782	0.869	9.96853495563536	
150212	8	2	2	symm13.bmp	symmetric	1	1	0	14	14	1	0.966	1.013	9.96853495563536	
150212	9	4	1	symm46.bmp	nonsymmetric	0	1	0	3	3	1	1.816	0.932	9.96853495563536	
150212	9	4	2	symm15.bmp	symmetric	1	1	0	9	9	1	0.797	0.626	9.96853495563536	
150212	9	4	3	symm37.bmp	nonsymmetric	0	1	0	6	6	1	0.704	0.845	9.96853495563536	
150212	9	4	4	symm41.bmp	nonsymmetric	0	1	0	10	10	1	1.157	0.86	9.96853495563536	
150212	10	3	1	symm34.bmp	nonsymmetric	1	0	0	12	12	1	0.879	1.108	9.96853495563536	
150212	10	3	2	symm36.bmp	nonsymmetric	0	1	0	16	16	1	2.195	0.679	9.96853495563536	
150212	10	3	3	symm7.bmp	symmetric	1	1	0	8	8	1	1.733	0.651	9.96853495563536	
150212	11	4	1	symm27.bmp	nonsymmetric	0	1	0	1	1	1	1.564	0.752	9.96853495563536	
150212	11	4	2	symm21.bmp	symmetric	1	1	0	6	6	1	1.141	0.558	9.96853495563536	
150212	11	4	3	symm11.bmp	symmetric	1	1	0	9	9	1	2.185	1.01	9.96853495563536	
150212	11	4	4	symm43.bmp	nonsymmetric	0	1	0	2	2	1	2.95	0.6	9.96853495563536	
150212	12	3	1	symm48.bmp	nonsymmetric	0	1	0	7	7	1	0.881	0.757	9.96853495563536	
150212	12	3	2	symm23.bmp	symmetric	1	1	0	15	15	1	1.564	0.649	9.96853495563536	
150212	12	3	3	symm1.bmp	symmetric	1	1	0	2	2	1	0.729	0.546	9.96853495563536	
