Subject	BlockNum	BlockSize	NumInBlock	Image	SymmCorrect	SymmResp	SymmAcc	Timeout	Target	TargetResp	Acc	ViewTime	YNTime	MaxTime	
104934	SqPrac1	2	1	NA	NA	NA	NA	NA	5	5	1	NA	NA	10	
104934	SqPrac1	2	2	NA	NA	NA	NA	NA	1	1	1	NA	NA	10	
104934	SqPrac2	3	1	NA	NA	NA	NA	NA	4	4	1	NA	NA	10	
104934	SqPrac2	3	2	NA	NA	NA	NA	NA	14	14	1	NA	NA	10	
104934	SqPrac2	3	3	NA	NA	NA	NA	NA	6	6	1	NA	NA	10	
104934	Symm1	6	1	pracsymm8.bmp	nonsymmetric	0	1	0	NA	NA	NA	3.653	1.097	10	
104934	Symm1	6	2	pracsymm1.bmp	symmetric	1	1	0	NA	NA	NA	1.302	0.618	10	
104934	Symm1	6	3	pracsymm12.bmp	nonsymmetric	1	0	0	NA	NA	NA	4.164	0.896	10	
104934	Symm1	6	4	pracsymm2.bmp	symmetric	1	1	0	NA	NA	NA	3.122	0.91	10	
104934	Symm1	6	5	pracsymm9.bmp	nonsymmetric	0	1	0	NA	NA	NA	2.061	1.468	10	
104934	Symm1	6	6	pracsymm7.bmp	symmetric	1	1	0	NA	NA	NA	2.363	0.6	10	
104934	CombPrac1	2	1	pracsymm6.bmp	symmetric	1	1	0	3	3	1	1.718	0.747	10	
104934	CombPrac1	2	2	pracsymm11.bmp	nonsymmetric	0	1	0	15	15	1	2.119	0.736	10	
104934	CombPrac2	3	1	pracsymm13.bmp	nonsymmetric	0	1	0	10	6	0	1.834	0.834	10	
104934	CombPrac2	3	2	pracsymm10.bmp	nonsymmetric	0	1	0	3	14	0	2.006	0.937	10	
104934	CombPrac2	3	3	pracsymm15.bmp	nonsymmetric	0	1	0	12	12	1	2.72	1.913	10	
104934	1	4	1	symm5.bmp	symmetric	1	1	0	4	4	1	2.555	1.03	6.035578439624106	
104934	1	4	2	symm34.bmp	nonsymmetric	0	1	0	9	9	1	1.742	0.741	6.035578439624106	
104934	1	4	3	symm39.bmp	nonsymmetric	0	1	0	12	2	0	2.429	0.709	6.035578439624106	
104934	1	4	4	symm17.bmp	symmetric	1	1	0	7	12	0	3.007	0.696	6.035578439624106	
104934	2	3	1	symm27.bmp	nonsymmetric	0	1	0	16	16	1	3.53	0.778	6.035578439624106	
104934	2	3	2	symm41.bmp	nonsymmetric	0	1	0	9	9	1	1.813	0.827	6.035578439624106	
104934	2	3	3	symm33.bmp	nonsymmetric	0	1	0	1	1	1	2.469	3.171	6.035578439624106	
104934	3	5	1	symm10.bmp	symmetric	1	1	0	11	12	0	1.094	0.81	6.035578439624106	
104934	3	5	2	symm31.bmp	nonsymmetric	0	1	0	3	9	0	2.094	0.774	6.035578439624106	
104934	3	5	3	symm48.bmp	nonsymmetric	0	1	0	2	2	1	2.337	0.679	6.035578439624106	
104934	3	5	4	symm29.bmp	nonsymmetric	0	1	0	4	11	0	1.472	0.721	6.035578439624106	
104934	3	5	5	symm18.bmp	symmetric	1	1	0	10	10	1	3.526	1.335	6.035578439624106	
104934	4	4	1	symm4.bmp	symmetric	1	1	0	14	14	1	3.904	0.678	6.035578439624106	
104934	4	4	2	symm26.bmp	nonsymmetric	1	0	0	16	16	1	2.677	1.29	6.035578439624106	
104934	4	4	3	symm38.bmp	nonsymmetric	1	0	0	4	3	0	3.334	1.609	6.035578439624106	
104934	4	4	4	symm15.bmp	symmetric	1	1	0	9	9	1	2.764	0.687	6.035578439624106	
104934	5	3	1	symm2.bmp	symmetric	1	1	0	10	10	1	2.566	0.683	6.035578439624106	
104934	5	3	2	symm47.bmp	nonsymmetric	0	1	0	7	7	1	1.58	0.698	6.035578439624106	
104934	5	3	3	symm30.bmp	nonsymmetric	0	1	0	9	9	1	2.549	0.639	6.035578439624106	
104934	6	2	1	symm11.bmp	symmetric	1	1	0	3	4	0	2.085	0.773	6.035578439624106	
104934	6	2	2	symm43.bmp	nonsymmetric	0	1	0	6	6	1	1.115	0.874	6.035578439624106	
104934	7	2	1	symm1.bmp	symmetric	1	1	0	16	16	1	3.468	0.812	6.035578439624106	
104934	7	2	2	symm28.bmp	nonsymmetric	1	0	0	5	5	1	2.575	0.675	6.035578439624106	
104934	8	4	1	symm46.bmp	nonsymmetric	0	1	0	14	14	1	4.576	2.407	6.035578439624106	
104934	8	4	2	symm23.bmp	symmetric	1	1	0	7	8	0	3.172	0.734	6.035578439624106	
104934	8	4	3	symm35.bmp	nonsymmetric	0	1	0	13	3	0	2.879	0.795	6.035578439624106	
104934	8	4	4	symm45.bmp	nonsymmetric	1	0	0	3	0	0	2.051	0.692	6.035578439624106	
104934	9	2	1	symm9.bmp	symmetric	1	1	0	5	5	1	1.242	0.87	6.035578439624106	
104934	9	2	2	symm8.bmp	symmetric	0	0	0	4	4	1	3.994	0.917	6.035578439624106	
104934	10	5	1	symm22.bmp	symmetric	1	1	0	6	6	1	1.799	0.776	6.035578439624106	
104934	10	5	2	symm13.bmp	symmetric	1	1	0	7	7	1	3.886	0.728	6.035578439624106	
104934	10	5	3	symm37.bmp	nonsymmetric	0	1	0	13	13	1	2.198	0.874	6.035578439624106	
104934	10	5	4	symm24.bmp	symmetric	1	1	0	1	1	1	1.181	0.626	6.035578439624106	
104934	10	5	5	symm7.bmp	symmetric	1	1	0	12	12	1	1.236	0.562	6.035578439624106	
104934	11	5	1	symm36.bmp	nonsymmetric	0	1	0	8	8	1	4.198	0.846	6.035578439624106	
104934	11	5	2	symm16.bmp	symmetric	1	1	0	16	16	1	1.218	0.481	6.035578439624106	
104934	11	5	3	symm12.bmp	symmetric	1	1	0	2	2	1	1.12	0.618	6.035578439624106	
104934	11	5	4	symm3.bmp	symmetric	1	1	0	14	14	1	1.127	0.418	6.035578439624106	
104934	11	5	5	symm25.bmp	nonsymmetric	0	1	0	7	7	1	1.237	0.563	6.035578439624106	
104934	12	3	1	symm44.bmp	nonsymmetric	0	1	0	9	9	1	2.341	0.844	6.035578439624106	
104934	12	3	2	symm19.bmp	symmetric	1	1	0	12	12	1	1.52	0.662	6.035578439624106	
104934	12	3	3	symm40.bmp	nonsymmetric	0	1	0	13	13	1	1.812	0.647	6.035578439624106	
