Subject	BlockNum	BlockSize	NumInBlock	Image	SymmCorrect	SymmResp	SymmAcc	Timeout	Target	TargetResp	Acc	ViewTime	YNTime	MaxTime	
105618	SqPrac1	2	1	NA	NA	NA	NA	NA	8	8	1	NA	NA	10	
105618	SqPrac1	2	2	NA	NA	NA	NA	NA	15	15	1	NA	NA	10	
105618	SqPrac2	3	1	NA	NA	NA	NA	NA	3	3	1	NA	NA	10	
105618	SqPrac2	3	2	NA	NA	NA	NA	NA	11	11	1	NA	NA	10	
105618	SqPrac2	3	3	NA	NA	NA	NA	NA	2	2	1	NA	NA	10	
105618	Symm1	6	1	pracsymm13.bmp	nonsymmetric	0	1	0	NA	NA	NA	3.639	1.009	10	
105618	Symm1	6	2	pracsymm3.bmp	symmetric	1	1	0	NA	NA	NA	2.295	0.716	10	
105618	Symm1	6	3	pracsymm2.bmp	symmetric	1	1	0	NA	NA	NA	2.264	0.485	10	
105618	Symm1	6	4	pracsymm10.bmp	nonsymmetric	0	1	0	NA	NA	NA	0.764	0.77	10	
105618	Symm1	6	5	pracsymm1.bmp	symmetric	1	1	0	NA	NA	NA	0.815	0.578	10	
105618	Symm1	6	6	pracsymm11.bmp	nonsymmetric	1	0	0	NA	NA	NA	0.812	0.875	10	
105618	CombPrac1	2	1	pracsymm14.bmp	nonsymmetric	0	1	0	2	2	1	3.011	0.851	10	
105618	CombPrac1	2	2	pracsymm5.bmp	symmetric	1	1	0	4	4	1	2.944	0.864	10	
105618	CombPrac2	3	1	pracsymm7.bmp	symmetric	1	1	0	8	8	1	1.989	0.577	10	
105618	CombPrac2	3	2	pracsymm15.bmp	nonsymmetric	0	1	0	6	5	0	1.702	0.646	10	
105618	CombPrac2	3	3	pracsymm4.bmp	symmetric	1	1	0	9	9	1	1.198	0.645	10	
105618	1	2	1	symm15.bmp	symmetric	1	1	0	11	11	1	2.295	0.721	5.3506965502764965	
105618	1	2	2	symm18.bmp	symmetric	1	1	0	10	10	1	2.359	0.442	5.3506965502764965	
105618	2	2	1	symm23.bmp	symmetric	1	1	0	8	8	1	5.581	0.769	5.3506965502764965	
105618	2	2	2	symm38.bmp	nonsymmetric	0	1	0	9	9	1	1.526	0.865	5.3506965502764965	
105618	3	5	1	symm41.bmp	nonsymmetric	0	1	0	3	3	1	2.174	0.677	5.3506965502764965	
105618	3	5	2	symm32.bmp	nonsymmetric	0	1	0	9	9	1	2.525	0.652	5.3506965502764965	
105618	3	5	3	symm43.bmp	nonsymmetric	0	1	0	5	5	1	3.935	2.383	5.3506965502764965	
105618	3	5	4	symm28.bmp	nonsymmetric	0	1	0	4	4	1	1.035	0.593	5.3506965502764965	
105618	3	5	5	symm30.bmp	nonsymmetric	0	1	0	10	10	1	0.94	0.635	5.3506965502764965	
105618	4	5	1	symm47.bmp	nonsymmetric	0	1	0	2	2	1	1.318	0.508	5.3506965502764965	
105618	4	5	2	symm22.bmp	symmetric	1	1	0	9	5	0	0.76	0.566	5.3506965502764965	
105618	4	5	3	symm9.bmp	symmetric	1	1	0	3	3	1	0.699	0.434	5.3506965502764965	
105618	4	5	4	symm21.bmp	symmetric	1	1	0	15	15	1	0.98	0.41	5.3506965502764965	
105618	4	5	5	symm36.bmp	nonsymmetric	0	1	0	14	14	1	0.97	0.57	5.3506965502764965	
105618	5	3	1	symm5.bmp	symmetric	1	1	0	10	10	1	2.969	1.05	5.3506965502764965	
105618	5	3	2	symm40.bmp	nonsymmetric	0	1	0	15	15	1	1.136	0.705	5.3506965502764965	
105618	5	3	3	symm44.bmp	nonsymmetric	0	1	0	4	4	1	0.84	0.82	5.3506965502764965	
105618	6	3	1	symm33.bmp	nonsymmetric	0	1	0	1	1	1	1.177	0.71	5.3506965502764965	
105618	6	3	2	symm11.bmp	symmetric	1	1	0	5	5	1	0.77	0.468	5.3506965502764965	
105618	6	3	3	symm37.bmp	nonsymmetric	0	1	0	4	4	1	0.76	0.602	5.3506965502764965	
105618	7	3	1	symm34.bmp	nonsymmetric	0	1	0	9	5	0	0.599	0.52	5.3506965502764965	
105618	7	3	2	symm27.bmp	nonsymmetric	0	1	0	5	9	0	0.651	0.525	5.3506965502764965	
105618	7	3	3	symm31.bmp	nonsymmetric	0	1	0	15	15	1	1.275	0.504	5.3506965502764965	
105618	8	5	1	symm2.bmp	symmetric	1	1	0	14	14	1	6.185	0.469	5.3506965502764965	
105618	8	5	2	symm26.bmp	nonsymmetric	0	1	0	12	12	1	2.389	0.954	5.3506965502764965	
105618	8	5	3	symm42.bmp	nonsymmetric	0	1	0	9	9	1	0.619	0.544	5.3506965502764965	
105618	8	5	4	symm14.bmp	symmetric	1	1	0	16	16	1	0.845	0.655	5.3506965502764965	
105618	8	5	5	symm48.bmp	nonsymmetric	0	1	0	6	6	1	0.893	0.568	5.3506965502764965	
105618	9	4	1	symm8.bmp	symmetric	1	1	0	3	3	1	2.619	0.5	5.3506965502764965	
105618	9	4	2	symm45.bmp	nonsymmetric	0	1	0	9	9	1	0.658	0.515	5.3506965502764965	
105618	9	4	3	symm17.bmp	symmetric	1	1	0	14	15	0	0.948	0.445	5.3506965502764965	
105618	9	4	4	symm46.bmp	nonsymmetric	0	1	0	7	11	0	0.705	0.45	5.3506965502764965	
105618	10	4	1	symm16.bmp	symmetric	1	1	0	3	3	1	1.284	0.78	5.3506965502764965	
105618	10	4	2	symm10.bmp	symmetric	1	1	0	8	8	1	1.235	0.655	5.3506965502764965	
105618	10	4	3	symm20.bmp	symmetric	1	1	0	4	4	1	1.168	0.574	5.3506965502764965	
105618	10	4	4	symm12.bmp	symmetric	1	1	0	14	14	1	2.547	0.433	5.3506965502764965	
105618	11	2	1	symm7.bmp	symmetric	1	1	0	6	6	1	3.05	0.486	5.3506965502764965	
105618	11	2	2	symm3.bmp	symmetric	1	1	0	3	3	1	0.751	0.47	5.3506965502764965	
105618	12	4	1	symm4.bmp	symmetric	1	1	0	13	6	0	1.657	0.508	5.3506965502764965	
105618	12	4	2	symm25.bmp	nonsymmetric	0	1	0	6	13	0	0.76	0.581	5.3506965502764965	
105618	12	4	3	symm24.bmp	symmetric	1	1	0	12	4	0	0.582	0.39	5.3506965502764965	
105618	12	4	4	symm19.bmp	symmetric	1	1	0	4	12	0	0.61	0.463	5.3506965502764965	
