Subject	BlockNum	BlockSize	NumInBlock	Image	SymmCorrect	SymmResp	SymmAcc	Timeout	Target	TargetResp	Acc	ViewTime	YNTime	MaxTime	
104843	SqPrac1	2	1	NA	NA	NA	NA	NA	10	10	1	NA	NA	10	
104843	SqPrac1	2	2	NA	NA	NA	NA	NA	6	6	1	NA	NA	10	
104843	SqPrac2	3	1	NA	NA	NA	NA	NA	6	6	1	NA	NA	10	
104843	SqPrac2	3	2	NA	NA	NA	NA	NA	2	2	1	NA	NA	10	
104843	SqPrac2	3	3	NA	NA	NA	NA	NA	16	16	1	NA	NA	10	
104843	Symm1	6	1	pracsymm1.bmp	symmetric	1	1	0	NA	NA	NA	3.829	1.232	10	
104843	Symm1	6	2	pracsymm3.bmp	symmetric	1	1	0	NA	NA	NA	2.685	0.986	10	
104843	Symm1	6	3	pracsymm2.bmp	symmetric	1	1	0	NA	NA	NA	3.169	1.246	10	
104843	Symm1	6	4	pracsymm14.bmp	nonsymmetric	0	1	0	NA	NA	NA	2.011	1.068	10	
104843	Symm1	6	5	pracsymm7.bmp	symmetric	1	1	0	NA	NA	NA	3.353	1.026	10	
104843	Symm1	6	6	pracsymm9.bmp	nonsymmetric	0	1	0	NA	NA	NA	1.808	1.406	10	
104843	CombPrac1	2	1	pracsymm15.bmp	nonsymmetric	0	1	0	11	11	1	2.729	1.452	10	
104843	CombPrac1	2	2	pracsymm5.bmp	symmetric	1	1	0	7	7	1	4.354	0.993	10	
104843	CombPrac2	3	1	pracsymm12.bmp	nonsymmetric	0	1	0	15	15	1	1.517	1.241	10	
104843	CombPrac2	3	2	pracsymm6.bmp	symmetric	1	1	0	6	5	0	1.875	1.258	10	
104843	CombPrac2	3	3	pracsymm4.bmp	symmetric	1	1	0	9	9	1	1.385	0.975	10	
104843	1	5	1	symm43.bmp	nonsymmetric	0	1	0	3	15	0	2.357	2.342	6.19544799483485	
104843	1	5	2	symm9.bmp	symmetric	1	1	0	16	3	0	2.339	0.993	6.19544799483485	
104843	1	5	3	symm22.bmp	symmetric	1	1	0	6	16	0	1.283	0.793	6.19544799483485	
104843	1	5	4	symm42.bmp	nonsymmetric	0	1	0	14	6	0	2.18	1.747	6.19544799483485	
104843	1	5	5	symm30.bmp	nonsymmetric	0	1	0	13	0	0	2.514	1.051	6.19544799483485	
104843	2	4	1	symm12.bmp	symmetric	1	1	0	11	11	1	2.063	0.899	6.19544799483485	
104843	2	4	2	symm18.bmp	symmetric	1	1	0	3	3	1	3.027	0.754	6.19544799483485	
104843	2	4	3	symm39.bmp	nonsymmetric	0	1	0	12	12	1	2.498	1.568	6.19544799483485	
104843	2	4	4	symm2.bmp	symmetric	1	1	0	5	5	1	2.981	1.401	6.19544799483485	
104843	3	3	1	symm45.bmp	nonsymmetric	0	1	0	15	15	1	2.859	0.923	6.19544799483485	
104843	3	3	2	symm38.bmp	nonsymmetric	0	1	0	2	2	1	2.404	1.497	6.19544799483485	
104843	3	3	3	symm14.bmp	symmetric	1	1	0	10	10	1	2.847	3.737	6.19544799483485	
104843	4	2	1	symm4.bmp	symmetric	1	1	0	14	14	1	1.579	0.972	6.19544799483485	
104843	4	2	2	symm46.bmp	nonsymmetric	0	1	0	12	12	1	1.625	1.044	6.19544799483485	
104843	5	4	1	symm31.bmp	nonsymmetric	1	0	0	12	15	0	3.593	0.968	6.19544799483485	
104843	5	4	2	symm29.bmp	nonsymmetric	0	1	0	13	12	0	1.406	0.977	6.19544799483485	
104843	5	4	3	symm1.bmp	symmetric	1	1	0	4	13	0	1.345	0.827	6.19544799483485	
104843	5	4	4	symm33.bmp	nonsymmetric	0	1	0	7	4	0	1.826	1.172	6.19544799483485	
104843	6	5	1	symm48.bmp	nonsymmetric	0	1	0	11	11	1	1.971	1.198	6.19544799483485	
104843	6	5	2	symm23.bmp	symmetric	1	1	0	5	5	1	1.985	0.915	6.19544799483485	
104843	6	5	3	symm7.bmp	symmetric	1	1	0	1	9	0	1.655	0.863	6.19544799483485	
104843	6	5	4	symm6.bmp	symmetric	1	1	0	9	10	0	2.031	0.853	6.19544799483485	
104843	6	5	5	symm24.bmp	symmetric	1	1	0	10	0	0	2.713	0.595	6.19544799483485	
104843	7	3	1	symm25.bmp	nonsymmetric	0	1	0	15	15	1	1.361	0.803	6.19544799483485	
104843	7	3	2	symm16.bmp	symmetric	1	1	0	4	4	1	1.047	0.784	6.19544799483485	
104843	7	3	3	symm17.bmp	symmetric	1	1	0	3	3	1	4.178	0.881	6.19544799483485	
104843	8	5	1	symm47.bmp	nonsymmetric	0	1	0	13	13	1	1.723	0.765	6.19544799483485	
104843	8	5	2	symm19.bmp	symmetric	1	1	0	7	7	1	1.526	0.76	6.19544799483485	
104843	8	5	3	symm37.bmp	nonsymmetric	0	1	0	6	6	1	2.031	0.853	6.19544799483485	
104843	8	5	4	symm34.bmp	nonsymmetric	0	1	0	9	9	1	1.064	0.854	6.19544799483485	
104843	8	5	5	symm15.bmp	symmetric	1	1	0	2	2	1	1.002	0.697	6.19544799483485	
104843	9	4	1	symm32.bmp	nonsymmetric	0	1	0	14	14	1	1.019	0.801	6.19544799483485	
104843	9	4	2	symm44.bmp	nonsymmetric	0	1	0	8	7	0	1.609	1.286	6.19544799483485	
104843	9	4	3	symm26.bmp	nonsymmetric	0	1	0	12	6	0	3.59	2.924	6.19544799483485	
104843	9	4	4	symm21.bmp	symmetric	1	1	0	16	16	1	1.353	0.923	6.19544799483485	
104843	10	3	1	symm10.bmp	symmetric	1	1	0	10	10	1	1.018	2.099	6.19544799483485	
104843	10	3	2	symm8.bmp	symmetric	1	1	0	7	7	1	0.969	0.931	6.19544799483485	
104843	10	3	3	symm40.bmp	nonsymmetric	0	1	0	15	15	1	1.83	0.805	6.19544799483485	
104843	11	2	1	symm28.bmp	nonsymmetric	0	1	0	8	8	1	2.735	0.785	6.19544799483485	
104843	11	2	2	symm20.bmp	symmetric	1	1	0	9	9	1	1.152	1.042	6.19544799483485	
104843	12	2	1	symm3.bmp	symmetric	1	1	0	16	16	1	2.517	0.815	6.19544799483485	
104843	12	2	2	symm11.bmp	symmetric	1	1	0	12	12	1	1.532	0.653	6.19544799483485	
