Subject	BlockNum	BlockSize	NumInBlock	Image	SymmCorrect	SymmResp	SymmAcc	Timeout	Target	TargetResp	Acc	ViewTime	YNTime	MaxTime	
095413	SqPrac1	2	1	NA	NA	NA	NA	NA	4	4	1	NA	NA	10	
095413	SqPrac1	2	2	NA	NA	NA	NA	NA	2	2	1	NA	NA	10	
095413	SqPrac2	3	1	NA	NA	NA	NA	NA	9	9	1	NA	NA	10	
095413	SqPrac2	3	2	NA	NA	NA	NA	NA	5	5	1	NA	NA	10	
095413	SqPrac2	3	3	NA	NA	NA	NA	NA	6	6	1	NA	NA	10	
095413	Symm1	6	1	pracsymm6.bmp	symmetric	1	1	0	NA	NA	NA	3.738	1.016	10	
095413	Symm1	6	2	pracsymm5.bmp	symmetric	1	1	0	NA	NA	NA	1.884	0.676	10	
095413	Symm1	6	3	pracsymm4.bmp	symmetric	1	1	0	NA	NA	NA	2.214	1.124	10	
095413	Symm1	6	4	pracsymm15.bmp	nonsymmetric	0	1	0	NA	NA	NA	2.995	0.778	10	
095413	Symm1	6	5	pracsymm7.bmp	symmetric	1	1	0	NA	NA	NA	2.063	0.952	10	
095413	Symm1	6	6	pracsymm2.bmp	symmetric	1	1	0	NA	NA	NA	2.331	0.609	10	
095413	CombPrac1	2	1	pracsymm11.bmp	nonsymmetric	1	0	0	3	3	1	3.236	0.68	10	
095413	CombPrac1	2	2	pracsymm8.bmp	nonsymmetric	0	1	0	1	1	1	1.648	0.658	10	
095413	CombPrac2	3	1	pracsymm10.bmp	nonsymmetric	0	1	0	12	12	1	3.166	2.164	10	
095413	CombPrac2	3	2	pracsymm9.bmp	nonsymmetric	0	1	0	1	2	0	1.089	0.675	10	
095413	CombPrac2	3	3	pracsymm3.bmp	symmetric	0	0	0	9	9	1	1.163	0.514	10	
095413	1	5	1	symm46.bmp	nonsymmetric	0	1	0	3	7	0	1.805	0.543	6.120616489829427	
095413	1	5	2	symm35.bmp	nonsymmetric	1	0	0	9	2	0	5.088	0.619	6.120616489829427	
095413	1	5	3	symm3.bmp	symmetric	1	1	0	1	9	0	1.379	0.62	6.120616489829427	
095413	1	5	4	symm17.bmp	symmetric	1	1	0	15	15	1	1.207	0.48	6.120616489829427	
095413	1	5	5	symm21.bmp	symmetric	1	1	0	2	2	1	1.569	0.694	6.120616489829427	
095413	2	5	1	symm1.bmp	symmetric	1	1	0	6	6	1	1.339	0.834	6.120616489829427	
095413	2	5	2	symm45.bmp	nonsymmetric	0	1	0	1	1	1	2.574	0.899	6.120616489829427	
095413	2	5	3	symm14.bmp	symmetric	1	1	0	5	5	1	1.096	0.613	6.120616489829427	
095413	2	5	4	symm6.bmp	symmetric	1	1	0	15	14	0	1.302	1.05	6.120616489829427	
095413	2	5	5	symm44.bmp	nonsymmetric	1	0	0	14	14	1	3.782	1.017	6.120616489829427	
095413	3	2	1	symm41.bmp	nonsymmetric	0	1	0	4	4	1	1.906	0.781	6.120616489829427	
095413	3	2	2	symm37.bmp	nonsymmetric	0	1	0	16	16	1	1.941	0.85	6.120616489829427	
095413	4	2	1	symm47.bmp	nonsymmetric	0	1	0	5	5	1	2.613	1.369	6.120616489829427	
095413	4	2	2	symm2.bmp	symmetric	1	1	0	13	13	1	3.511	0.737	6.120616489829427	
095413	5	3	1	symm8.bmp	symmetric	1	1	0	8	8	1	1	0.568	6.120616489829427	
095413	5	3	2	symm31.bmp	nonsymmetric	0	1	0	2	2	1	1.989	0.752	6.120616489829427	
095413	5	3	3	symm23.bmp	symmetric	1	1	0	6	6	1	1.408	0.933	6.120616489829427	
095413	6	3	1	symm42.bmp	nonsymmetric	0	1	0	11	11	1	1.464	1.26	6.120616489829427	
095413	6	3	2	symm4.bmp	symmetric	1	1	0	10	10	1	0.907	0.647	6.120616489829427	
095413	6	3	3	symm10.bmp	symmetric	1	1	0	6	6	1	0.872	1.625	6.120616489829427	
095413	7	4	1	symm30.bmp	nonsymmetric	0	1	0	10	7	0	2.257	1.048	6.120616489829427	
095413	7	4	2	symm33.bmp	nonsymmetric	0	1	0	6	6	1	2.777	1.008	6.120616489829427	
095413	7	4	3	symm27.bmp	nonsymmetric	0	1	0	1	1	1	2.365	0.562	6.120616489829427	
095413	7	4	4	symm15.bmp	symmetric	0	0	0	3	3	1	1.159	0.665	6.120616489829427	
095413	8	2	1	symm13.bmp	symmetric	1	1	0	8	8	1	3.208	0.87	6.120616489829427	
095413	8	2	2	symm16.bmp	symmetric	1	1	0	4	4	1	2.969	1.12	6.120616489829427	
095413	9	4	1	symm7.bmp	symmetric	1	1	0	8	8	1	1.213	1.017	6.120616489829427	
095413	9	4	2	symm28.bmp	nonsymmetric	0	1	0	2	2	1	1.611	1.896	6.120616489829427	
095413	9	4	3	symm36.bmp	nonsymmetric	0	1	0	6	6	1	3.571	1.213	6.120616489829427	
095413	9	4	4	symm34.bmp	nonsymmetric	0	1	0	15	15	1	4.512	0.629	6.120616489829427	
095413	10	5	1	symm20.bmp	symmetric	1	1	0	16	16	1	2.919	0.874	6.120616489829427	
095413	10	5	2	symm43.bmp	nonsymmetric	0	1	0	2	2	1	2.084	1.175	6.120616489829427	
095413	10	5	3	symm29.bmp	nonsymmetric	0	1	0	15	15	1	2.773	0.564	6.120616489829427	
095413	10	5	4	symm25.bmp	nonsymmetric	1	0	0	11	11	1	4.811	2.677	6.120616489829427	
095413	10	5	5	symm18.bmp	symmetric	1	1	0	1	1	1	2.709	0.747	6.120616489829427	
095413	11	4	1	symm26.bmp	nonsymmetric	0	1	0	2	2	1	3.62	0.647	6.120616489829427	
095413	11	4	2	symm24.bmp	symmetric	1	1	0	9	9	1	1.442	0.9	6.120616489829427	
095413	11	4	3	symm11.bmp	symmetric	1	1	0	7	7	1	2.806	1.518	6.120616489829427	
095413	11	4	4	symm19.bmp	symmetric	1	1	0	16	16	1	2.708	2	6.120616489829427	
095413	12	3	1	symm5.bmp	symmetric	1	1	0	13	13	1	1.024	0.755	6.120616489829427	
095413	12	3	2	symm22.bmp	symmetric	1	1	0	1	1	1	0.948	1.023	6.120616489829427	
095413	12	3	3	symm9.bmp	symmetric	1	1	0	8	8	1	0.796	0.541	6.120616489829427	
