Subject	BlockNum	BlockSize	NumInBlock	Image	SymmCorrect	SymmResp	SymmAcc	Timeout	Target	TargetResp	Acc	ViewTime	YNTime	MaxTime	
143736	SqPrac1	2	1	NA	NA	NA	NA	NA	15	15	1	NA	NA	10	
143736	SqPrac1	2	2	NA	NA	NA	NA	NA	14	14	1	NA	NA	10	
143736	SqPrac2	3	1	NA	NA	NA	NA	NA	8	8	1	NA	NA	10	
143736	SqPrac2	3	2	NA	NA	NA	NA	NA	12	12	1	NA	NA	10	
143736	SqPrac2	3	3	NA	NA	NA	NA	NA	5	5	1	NA	NA	10	
143736	Symm1	6	1	pracsymm12.bmp	nonsymmetric	0	1	0	NA	NA	NA	3.728	0.95	10	
143736	Symm1	6	2	pracsymm7.bmp	symmetric	1	1	0	NA	NA	NA	2.654	0.635	10	
143736	Symm1	6	3	pracsymm1.bmp	symmetric	1	1	0	NA	NA	NA	1.778	0.786	10	
143736	Symm1	6	4	pracsymm14.bmp	nonsymmetric	0	1	0	NA	NA	NA	2.722	0.801	10	
143736	Symm1	6	5	pracsymm13.bmp	nonsymmetric	0	1	0	NA	NA	NA	2.123	0.642	10	
143736	Symm1	6	6	pracsymm4.bmp	symmetric	1	1	0	NA	NA	NA	2.874	0.561	10	
143736	CombPrac1	2	1	pracsymm10.bmp	nonsymmetric	1	0	0	12	12	1	2.593	0.759	10	
143736	CombPrac1	2	2	pracsymm6.bmp	symmetric	1	1	0	14	14	1	3.113	0.741	10	
143736	CombPrac2	3	1	pracsymm2.bmp	symmetric	0	0	0	15	15	1	5.259	0.741	10	
143736	CombPrac2	3	2	pracsymm3.bmp	symmetric	0	0	0	8	5	0	2.529	1.071	10	
143736	CombPrac2	3	3	pracsymm15.bmp	nonsymmetric	0	1	0	5	0	0	2.312	0.866	10	
143736	1	5	1	symm18.bmp	symmetric	1	1	0	6	6	1	4.479	0.635	6.041482221456665	
143736	1	5	2	symm23.bmp	symmetric	1	1	0	13	9	0	2.622	0.828	6.041482221456665	
143736	1	5	3	symm41.bmp	nonsymmetric	0	1	0	7	3	0	2.747	0.703	6.041482221456665	
143736	1	5	4	symm32.bmp	nonsymmetric	0	1	0	2	16	0	3.138	0.819	6.041482221456665	
143736	1	5	5	symm9.bmp	symmetric	1	1	0	16	0	0	1.245	0.441	6.041482221456665	
143736	2	2	1	symm20.bmp	symmetric	1	1	0	13	13	1	3.503	0.563	6.041482221456665	
143736	2	2	2	symm37.bmp	nonsymmetric	0	1	0	5	5	1	1.776	0.716	6.041482221456665	
143736	3	4	1	symm42.bmp	nonsymmetric	0	1	0	10	10	1	3.249	0.52	6.041482221456665	
143736	3	4	2	symm25.bmp	nonsymmetric	0	1	0	8	13	0	1.766	0.521	6.041482221456665	
143736	3	4	3	symm45.bmp	nonsymmetric	0	1	0	13	3	0	2.554	0.621	6.041482221456665	
143736	3	4	4	symm38.bmp	nonsymmetric	0	1	0	3	0	0	3.341	0.62	6.041482221456665	
143736	4	4	1	symm4.bmp	symmetric	1	1	0	13	13	1	4.86	0.512	6.041482221456665	
143736	4	4	2	symm29.bmp	nonsymmetric	0	1	0	6	undefined	0	2.311	0.688	6.041482221456665	
143736	4	4	3	symm14.bmp	symmetric	1	1	0	11	12	0	4.869	0.48	6.041482221456665	
143736	4	4	4	symm1.bmp	symmetric	1	1	0	4	3	0	1.14	0.909	6.041482221456665	
143736	5	5	1	symm21.bmp	symmetric	1	1	0	8	7	0	5.606	0.696	6.041482221456665	
143736	5	5	2	symm39.bmp	nonsymmetric	0	1	0	12	3	0	3.856	0.941	6.041482221456665	
143736	5	5	3	symm6.bmp	symmetric	1	1	0	3	12	0	3.138	0.528	6.041482221456665	
143736	5	5	4	symm27.bmp	nonsymmetric	1	0	0	14	14	1	0.892	0.687	6.041482221456665	
143736	5	5	5	symm24.bmp	symmetric	1	1	0	2	0	0	0.658	0.353	6.041482221456665	
143736	6	4	1	symm12.bmp	symmetric	1	1	0	15	14	0	2.501	0.913	6.041482221456665	
143736	6	4	2	symm8.bmp	symmetric	1	1	0	3	10	0	2.743	0.483	6.041482221456665	
143736	6	4	3	symm40.bmp	nonsymmetric	0	1	0	10	9	0	5.308	0.722	6.041482221456665	
143736	6	4	4	symm7.bmp	symmetric	1	1	0	9	0	0	10.033	0.545	6.041482221456665	
143736	7	3	1	symm22.bmp	symmetric	1	1	0	8	3	0	2.966	0.895	6.041482221456665	
143736	7	3	2	symm26.bmp	nonsymmetric	0	1	0	16	11	0	5.821	0.691	6.041482221456665	
143736	7	3	3	symm15.bmp	symmetric	1	1	0	7	7	1	2.76	0.699	6.041482221456665	
143736	8	3	1	symm43.bmp	nonsymmetric	0	1	0	1	1	1	4.794	0.915	6.041482221456665	
143736	8	3	2	symm33.bmp	nonsymmetric	0	1	0	6	6	1	4.496	0.671	6.041482221456665	
143736	8	3	3	symm11.bmp	symmetric	1	1	0	14	14	1	1.203	0.758	6.041482221456665	
143736	9	2	1	symm28.bmp	nonsymmetric	1	0	0	2	1	0	8.854	0.834	6.041482221456665	
143736	9	2	2	symm16.bmp	symmetric	1	1	0	5	2	0	3.84	0.394	6.041482221456665	
143736	10	5	1	symm44.bmp	nonsymmetric	0	1	0	12	6	0	7.776	1.572	6.041482221456665	
143736	10	5	2	symm35.bmp	nonsymmetric	0	1	0	5	5	1	2.95	0.483	6.041482221456665	
143736	10	5	3	symm30.bmp	nonsymmetric	1	0	0	14	8	0	4.042	0.447	6.041482221456665	
143736	10	5	4	symm46.bmp	nonsymmetric	0	1	0	9	0	0	4.912	0.75	6.041482221456665	
143736	10	5	5	symm19.bmp	symmetric	1	1	0	8	0	0	2.046	0.487	6.041482221456665	
143736	11	3	1	symm2.bmp	symmetric	1	1	0	14	13	0	11.207	0.484	6.041482221456665	
143736	11	3	2	symm48.bmp	nonsymmetric	1	0	0	9	9	1	3.855	1.912	6.041482221456665	
143736	11	3	3	symm13.bmp	symmetric	1	1	0	5	5	1	5.851	0.766	6.041482221456665	
143736	12	2	1	symm3.bmp	symmetric	1	1	0	12	12	1	4.463	1.102	6.041482221456665	
143736	12	2	2	symm34.bmp	nonsymmetric	0	1	0	2	2	1	2.825	0.69	6.041482221456665	
