SUBJNO	BLOCKNUM	BLOCKSIZE	NUMINBLOCK	TERM1	OP	TERM2	TERM3	ANSWER	PROBE	PROBETYPE	DIFFIC	MATHRESP	MATHACC	TIMEOUT	TBRLETTER	TYPED	RECALLED	MATHTIME	TFTIME	MAXTIME	
121356	Cal	15	1	7	*	7	6	55	63	0	4	0	1	0	-	NA	-1	6.17	0.816	10	
121356	Cal	15	2	6	/	2	3	6	13	0	1	0	1	0	-	NA	-1	1.483	0.793	10	
121356	Cal	15	3	7	*	9	2	65	65	1	4	1	1	0	-	NA	-1	2.561	0.863	10	
121356	Cal	15	4	1	*	2	2	4	4	1	1	1	1	0	-	NA	-1	1.72	0.819	10	
121356	Cal	15	5	9	/	1	-4	5	5	1	1	1	1	0	-	NA	-1	2.02	0.764	10	
121356	Cal	15	6	1	*	4	-3	1	1	1	1	1	1	0	-	NA	-1	1.209	0.884	10	
121356	Cal	15	7	4	*	6	-9	15	18	0	3	0	1	0	-	NA	-1	3.888	0.886	10	
121356	Cal	15	8	6	*	8	9	57	57	1	4	1	1	0	-	NA	-1	4.318	0.984	10	
121356	Cal	15	9	5	*	9	6	51	51	1	4	1	1	0	-	NA	-1	3.757	0.75	10	
121356	Cal	15	10	9	/	9	7	8	15	0	1	0	1	0	-	NA	-1	1.989	0.819	10	
121356	Cal	15	11	4	*	9	8	44	40	0	3	0	1	0	-	NA	-1	3.91	0.96	10	
121356	Cal	15	12	3	*	5	8	23	22	0	2	0	1	0	-	NA	-1	1.512	1.024	10	
121356	Cal	15	13	8	/	4	8	10	10	1	1	1	1	0	-	NA	-1	1.603	0.777	10	
121356	Cal	15	14	5	*	8	-8	32	36	0	4	0	1	0	-	NA	-1	2.5	1.135	10	
121356	Cal	15	15	6	*	7	9	51	51	1	4	1	1	0	-	NA	-1	6.419	0.736	10	
121356	Prac1	2	1	6	/	3	4	6	6	1	1	0	0	0	P	p	1	1.472	1.05	8.033459862853137	
121356	Prac1	2	2	7	*	5	-1	34	28	0	3	0	1	0	L	l	1	3.624	0.772	8.033459862853137	
121356	Prac2	3	1	2	*	7	-8	6	12	0	2	0	1	0	H	h	1	1.716	1.283	8.033459862853137	
121356	Prac2	3	2	2	*	9	3	21	21	1	2	1	1	0	K	k	1	1.612	0.821	8.033459862853137	
121356	Prac2	3	3	8	*	7	-1	55	55	1	4	0	0	0	J	j	1	2.821	2.649	8.033459862853137	
121356	3	6	1	1	*	5	-2	3	3	1	1	1	1	0	R	r	1	4.113	0.97	8.033459862853137	
121356	3	6	2	4	*	3	-3	9	9	1	2	1	1	0	N	n	1	1.433	0.841	8.033459862853137	
121356	3	6	3	7	/	7	1	2	9	0	1	0	1	0	H	h	1	1.688	0.991	8.033459862853137	
121356	3	6	4	1	*	9	-2	7	10	0	1	0	1	0	P	p	1	2.112	0.982	8.033459862853137	
121356	3	6	5	4	/	4	9	10	10	1	1	1	1	0	K	k	1	2.6	0.925	8.033459862853137	
121356	3	6	6	7	*	4	9	37	43	0	3	0	1	0	T	-	0	3.357	0.831	8.033459862853137	
121356	4	4	1	1	/	1	6	7	4	0	1	0	1	0	J	j	1	1.628	1.051	8.033459862853137	
121356	4	4	2	2	/	1	6	8	8	1	1	1	1	0	T	t	1	1.797	0.801	8.033459862853137	
121356	4	4	3	3	/	1	1	4	4	1	1	1	1	0	L	l	1	2.436	0.953	8.033459862853137	
121356	4	4	4	2	*	5	-3	7	12	0	2	0	1	0	H	h	1	1.725	0.776	8.033459862853137	
121356	5	3	1	8	*	6	-1	47	47	1	4	1	1	0	Q	q	1	2.492	1.323	8.033459862853137	
121356	5	3	2	1	*	8	-2	6	6	1	1	1	1	0	P	p	1	1.385	0.87	8.033459862853137	
121356	5	3	3	7	*	8	9	65	71	0	4	0	1	0	H	h	1	2.836	0.939	8.033459862853137	
121356	6	5	1	3	*	7	5	26	28	0	3	0	1	0	H	h	1	1.929	0.768	8.033459862853137	
121356	6	5	2	8	/	8	3	4	4	1	1	1	1	0	S	s	1	1.966	1.028	8.033459862853137	
121356	6	5	3	9	*	5	-7	38	42	0	4	0	1	0	T	-	0	3.041	1.302	8.033459862853137	
121356	6	5	4	8	*	9	-9	63	63	1	4	0	0	0	P	p	1	3.606	1.656	8.033459862853137	
121356	6	5	5	4	*	5	2	22	16	0	3	0	1	0	F	f	1	1.771	0.927	8.033459862853137	
121356	7	7	1	5	*	7	-3	32	34	0	3	0	1	0	K	k	1	1.797	1.158	8.033459862853137	
121356	7	7	2	4	*	4	5	21	21	1	2	1	1	0	H	h	1	1.973	1.052	8.033459862853137	
121356	7	7	3	3	/	3	7	8	8	1	1	1	1	0	F	f	1	2.245	0.789	8.033459862853137	
121356	7	7	4	2	*	4	4	12	21	0	1	0	1	0	Q	q	1	3.512	0.897	8.033459862853137	
121356	7	7	5	3	*	6	1	19	13	0	2	0	1	0	T	t	1	3.772	1.234	8.033459862853137	
121356	7	7	6	9	*	7	-8	55	59	0	4	NA	0	1	N	n	1	8.033459862853137	0	8.033459862853137	
121356	7	7	7	8	/	1	-5	3	3	1	1	NA	0	1	S	s	1	8.033459862853137	0	8.033459862853137	
121356	8	5	1	3	*	3	6	15	15	1	1	1	1	0	F	f	1	2.141	0.609	8.033459862853137	
121356	8	5	2	6	*	5	-7	23	23	1	3	1	1	0	H	h	1	1.949	0.661	8.033459862853137	
121356	8	5	3	7	*	3	7	28	23	0	3	0	1	0	R	r	1	2.452	1.089	8.033459862853137	
121356	8	5	4	1	*	7	-3	4	9	0	1	0	1	0	N	n	1	3.11	1.017	8.033459862853137	
121356	8	5	5	9	*	3	4	31	31	1	3	1	1	0	T	t	1	3.318	1.12	8.033459862853137	
121356	9	4	1	8	*	3	4	28	25	0	3	0	1	0	H	h	1	2.48	0.962	8.033459862853137	
121356	9	4	2	9	*	6	9	63	67	0	4	0	1	0	F	f	1	4.689	1.101	8.033459862853137	
121356	9	4	3	6	*	2	3	15	15	1	2	1	1	0	S	s	1	1.743	0.657	8.033459862853137	
121356	9	4	4	8	*	5	-9	31	31	1	4	1	1	0	Q	p	0	1.63	0.968	8.033459862853137	
121356	10	3	1	3	*	4	3	15	8	0	2	0	1	0	Y	y	1	1.075	0.82	8.033459862853137	
121356	10	3	2	9	/	3	6	9	9	1	1	1	1	0	J	j	1	1.609	0.905	8.033459862853137	
121356	10	3	3	6	*	4	9	33	27	0	3	0	1	0	R	r	1	4.265	1.277	8.033459862853137	
121356	11	6	1	4	*	7	-8	20	22	0	3	NA	0	1	J	-	0	8.033459862853137	0	8.033459862853137	
121356	11	6	2	7	/	1	4	11	11	1	1	NA	0	1	K	-	0	8.033459862853137	0	8.033459862853137	
121356	11	6	3	5	*	3	2	17	17	1	2	0	0	0	Q	q	1	2.256	0.015	8.033459862853137	
121356	11	6	4	8	*	8	-4	60	64	0	4	0	1	0	S	s	1	2.848	0.889	8.033459862853137	
121356	11	6	5	6	*	3	1	19	26	0	2	0	1	0	P	p	1	1.522	0.85	8.033459862853137	
121356	11	6	6	5	*	5	9	34	34	1	3	1	1	0	Y	y	1	1.386	0.788	8.033459862853137	
121356	12	7	1	5	*	6	8	38	38	1	3	1	1	0	S	s	1	1.034	0.622	8.033459862853137	
121356	12	7	2	6	/	1	-3	3	3	1	1	1	1	0	F	f	1	1.512	0.886	8.033459862853137	
121356	12	7	3	3	*	2	-2	4	9	0	1	0	1	0	L	l	1	1.548	0.954	8.033459862853137	
121356	12	7	4	5	*	4	-6	14	7	0	3	0	1	0	H	h	1	2.432	0.765	8.033459862853137	
121356	12	7	5	8	*	2	-3	13	13	1	2	1	1	0	J	j	1	3.84	0.794	8.033459862853137	
121356	12	7	6	4	/	1	3	7	13	0	1	0	1	0	T	t	1	2.645	0.799	8.033459862853137	
121356	12	7	7	6	*	6	-3	33	33	1	3	1	1	0	R	r	1	2.759	0.61	8.033459862853137	
121356	13	6	1	4	*	8	-1	31	22	0	3	0	1	0	J	j	1	2.037	0.972	8.033459862853137	
121356	13	6	2	1	*	3	8	11	11	1	1	1	1	0	R	r	1	1.485	1.775	8.033459862853137	
121356	13	6	3	2	/	2	8	9	7	0	1	0	1	0	P	p	1	1.962	0.83	8.033459862853137	
121356	13	6	4	2	*	2	7	11	11	1	1	1	1	0	S	s	1	3.67	0.681	8.033459862853137	
121356	13	6	5	5	*	2	5	15	16	0	2	0	1	0	Y	y	1	3.827	0.78	8.033459862853137	
121356	13	6	6	4	*	2	-1	7	7	1	1	1	1	0	L	l	1	3.297	0.702	8.033459862853137	
121356	14	5	1	9	*	2	-6	12	12	1	2	1	1	0	P	p	1	1.159	0.816	8.033459862853137	
121356	14	5	2	1	*	6	8	14	14	1	1	1	1	0	H	h	1	1.414	0.815	8.033459862853137	
121356	14	5	3	4	/	2	7	9	9	1	1	1	1	0	L	l	1	2.005	0.711	8.033459862853137	
121356	14	5	4	7	*	6	5	47	41	0	4	0	1	0	Y	y	1	3.069	0.794	8.033459862853137	
121356	14	5	5	9	*	4	-4	32	23	0	3	0	1	0	T	t	1	3.984	0.806	8.033459862853137	
121356	15	3	1	7	*	2	-3	11	11	1	2	1	1	0	T	t	1	1.652	0.687	8.033459862853137	
121356	15	3	2	8	/	2	4	8	8	1	1	1	1	0	F	f	1	1.67	0.744	8.033459862853137	
121356	15	3	3	5	/	1	2	7	13	0	1	0	1	0	R	r	1	2.07	0.804	8.033459862853137	
121356	16	7	1	6	*	9	8	62	61	0	4	0	1	0	F	f	1	3.533	0.873	8.033459862853137	
121356	16	7	2	3	*	8	1	25	25	1	3	1	1	0	K	k	1	1.466	0.723	8.033459862853137	
121356	16	7	3	9	*	9	6	87	87	1	4	0	0	0	S	s	1	2.75	0.782	8.033459862853137	
121356	16	7	4	8	*	4	-4	28	28	1	3	1	1	0	J	j	1	4.348	0.692	8.033459862853137	
121356	16	7	5	2	*	6	-7	5	2	0	2	0	1	0	Q	q	1	3.403	0.86	8.033459862853137	
121356	16	7	6	6	/	6	3	4	4	1	1	1	1	0	T	t	1	4.512	0.586	8.033459862853137	
121356	16	7	7	3	*	9	-2	25	33	0	3	0	1	0	P	p	1	3.476	0.903	8.033459862853137	
121356	17	4	1	2	*	3	3	9	9	1	1	1	1	0	S	j	0	1.297	0.639	8.033459862853137	
121356	17	4	2	5	/	5	8	9	2	0	1	0	1	0	N	-	0	1.827	0.826	8.033459862853137	
121356	17	4	3	9	*	8	-9	63	67	0	4	0	1	0	R	r	1	4.529	0.881	8.033459862853137	
121356	17	4	4	2	*	8	4	20	20	1	2	1	1	0	H	h	1	1.485	0.95	8.033459862853137	
